0	1
0	2
0	3
0	4
0	5
0	6
0	7
0	8
0	9
0	10
3	703
3	826
3	1097
3	1287
3	1591
3	1895
3	1896
3	1897
3	1898
3	1899
4	144
4	258
4	491
4	1021
4	1418
4	1669
4	1900
4	1901
4	1902
4	1903
5	121
5	127
5	128
5	179
5	247
5	249
5	264
5	353
5	424
5	426
7	145
7	176
7	177
7	353
7	753
7	754
7	762
7	2064
7	3002
8	520
8	665
8	852
8	1394
8	1786
8	1842
8	1904
8	1905
8	1906
8	1907
9	124
9	147
9	177
9	246
9	247
9	248
9	249
9	250
9	251
9	252
11	12
11	13
11	14
11	15
11	16
11	17
11	18
11	19
11	20
11	21
13	2074
14	809
15	123
15	129
15	143
15	251
15	264
15	367
15	426
15	427
15	718
17	1050
17	2254
17	2761
17	3147
17	3169
17	3619
17	3893
17	4408
17	4953
20	121
20	147
20	368
20	427
20	717
20	856
20	975
20	1908
20	1909
20	1910
21	92
21	1702
21	1711
21	1833
21	1916
21	1917
21	1918
21	1919
21	1920
21	1921
22	23
22	24
22	25
22	26
22	27
22	28
22	29
22	30
22	31
22	32
25	1022
27	901
27	960
27	1511
27	1624
27	1836
27	1911
27	1912
27	1913
27	1914
27	1915
28	846
28	1516
28	1517
29	962
29	1656
29	2201
30	121
30	124
30	126
30	145
30	174
30	249
30	424
31	124
31	637
31	870
31	1219
31	1954
31	2237
31	2524
31	2630
31	3637
31	3874
32	957
32	1028
32	1199
32	1459
32	1699
32	1700
32	1701
32	1702
32	1703
33	34
33	35
33	36
33	37
33	38
33	39
33	40
33	41
33	42
33	43
36	123
36	126
36	145
36	174
36	179
36	247
36	249
36	264
36	424
38	725
38	1376
38	1915
38	2002
38	2007
38	2167
38	2168
38	2169
38	2170
39	614
39	1378
39	1922
39	1923
39	1924
39	1925
39	1926
39	1927
39	1928
39	1929
43	1604
43	1679
43	1903
43	1930
43	1931
43	1932
43	1933
43	1934
43	1935
43	1936
44	45
44	46
44	47
44	48
44	49
44	50
44	51
44	52
44	53
44	54
49	101
49	338
49	2366
49	2893
49	3065
49	3593
49	3840
49	3998
49	3999
55	56
55	57
55	58
55	59
55	60
55	61
55	62
55	63
55	64
55	65
60	1937
60	1938
60	1939
60	1940
60	1941
60	1942
60	1943
60	1944
60	1945
61	907
61	1922
61	1992
61	1993
61	1994
61	1995
61	1996
61	1997
61	1998
61	1999
62	1064
62	1194
62	1196
62	1198
62	1959
62	1960
62	1961
62	1962
62	1963
63	1364
63	1950
63	1977
63	1978
63	1979
63	1980
63	1981
63	1982
63	1983
64	91
64	102
64	106
64	1946
64	1947
64	1948
64	1949
64	1950
64	1951
64	1952
65	86
65	1954
65	2002
65	2003
65	2004
65	2005
65	2006
65	2007
65	2008
65	2009
66	67
66	68
66	69
66	70
66	71
66	72
66	73
66	74
66	75
67	472
67	534
67	762
67	1123
67	2222
67	2789
67	3052
67	3332
67	3769
67	3956
68	152
68	219
68	346
68	965
68	1953
68	1954
68	1955
68	1956
68	1957
68	1958
73	717
73	1022
73	1969
73	1970
73	1971
73	1972
73	1973
73	1974
73	1975
73	1976
75	190
75	219
75	262
75	1142
75	1337
75	1964
75	1965
75	1966
75	1967
75	1968
76	77
76	78
76	79
76	80
76	81
76	82
76	83
76	84
76	85
76	86
78	725
78	898
78	1157
78	1894
78	2203
78	2204
78	2205
80	2014
81	1067
81	1916
81	1984
81	1985
81	1986
81	1987
81	1988
81	1989
81	1990
81	1991
83	148
83	351
83	426
83	762
83	946
83	2000
83	2001
87	88
87	89
87	90
87	91
87	92
87	93
87	94
87	95
87	96
87	97
89	211
89	914
89	1476
89	1776
89	1906
89	1976
89	2010
89	2011
89	2012
89	2013
91	243
91	1923
91	2194
92	2015
92	2016
98	99
98	100
98	101
98	102
98	103
98	104
98	105
98	106
98	107
98	108
100	2017
101	143
101	147
101	249
101	251
101	264
101	369
101	422
101	559
101	718
101	2018
102	1928
102	1968
102	2026
102	2027
102	2028
104	2025
105	363
105	820
105	1041
105	1240
105	2019
105	2020
105	2021
105	2022
105	2023
105	2024
108	324
108	365
108	1486
108	2037
108	2038
108	2039
108	2040
108	2041
108	2042
108	2043
109	110
109	111
109	112
109	113
109	114
109	115
109	116
109	117
109	118
109	119
110	1332
110	1361
110	2029
110	2030
110	2031
110	2032
110	2033
110	2034
110	2035
110	2036
111	1419
111	1561
111	1670
111	1787
111	1846
111	2065
111	2066
111	2067
111	2068
111	2069
112	1064
112	1160
112	2044
112	2045
112	2046
112	2047
112	2048
112	2049
112	2050
113	143
113	144
113	145
113	179
113	368
113	424
113	754
113	1317
113	2018
116	510
116	1089
116	2013
116	2030
116	2051
116	2052
116	2053
116	2054
116	2055
116	2056
120	121
120	122
120	123
120	124
120	125
120	126
120	127
120	128
120	129
122	578
122	658
122	1428
122	1451
122	2057
122	2058
122	2059
122	2060
122	2061
122	2062
123	143
123	145
123	146
123	147
123	252
123	367
123	390
123	423
124	145
124	147
124	176
124	248
124	390
124	762
124	2063
124	2064
125	132
125	222
125	503
125	1535
125	2070
125	2071
125	2072
125	2073
125	2074
125	2075
126	127
126	369
126	696
126	698
126	754
126	755
126	946
126	947
126	2001
126	2077
127	144
127	175
127	177
127	247
127	427
127	698
127	762
127	1246
127	2076
129	133
129	219
129	778
129	864
129	2078
129	2079
129	2080
129	2081
129	2082
129	2083
130	131
130	132
130	133
130	134
130	135
130	136
130	137
130	138
130	139
130	140
131	1466
131	1831
131	1994
131	2092
131	2093
131	2094
131	2095
131	2096
131	2097
132	147
132	250
132	353
132	629
132	753
132	856
132	1317
132	2077
133	253
133	1193
133	1531
133	1896
133	2084
133	2085
133	2086
133	2087
133	2088
135	786
135	1150
135	1274
135	2099
135	2100
135	2101
135	2102
135	2103
136	470
136	852
136	2480
136	2984
136	3219
136	4463
136	4944
136	4945
137	1728
138	446
138	842
138	1096
138	1598
138	1752
138	2089
138	2090
138	2091
141	142
141	143
141	144
141	145
141	146
141	147
141	148
141	149
141	150
143	146
143	246
143	249
143	367
143	426
143	427
143	2098
144	146
144	246
144	249
144	264
144	367
145	149
145	246
145	265
145	367
145	390
145	667
145	717
145	1317
145	2098
146	285
146	3337
146	5048
146	5171
146	5338
146	5940
146	5941
146	5942
147	176
147	177
147	264
147	367
147	424
147	427
147	1246
148	176
148	246
148	248
148	367
148	422
148	1245
149	238
149	250
149	252
149	265
149	353
149	1317
151	152
151	153
151	154
151	155
151	156
151	157
151	158
151	159
151	160
151	161
155	175
155	238
155	353
155	1317
158	411
158	813
158	1688
158	2104
158	2105
158	2106
158	2107
158	2108
160	2053
160	2056
160	2109
160	2110
160	2111
160	2112
160	2113
160	2114
160	2115
162	163
162	164
162	165
162	166
162	167
162	168
162	169
162	170
162	171
162	172
165	531
165	703
165	1165
165	1390
165	1561
165	1865
165	2123
165	2124
167	175
167	238
167	266
167	353
167	424
167	2018
169	818
169	872
169	1264
169	1539
169	2116
169	2117
169	2118
169	2119
169	2120
169	2121
172	174
172	177
172	247
172	353
172	1246
172	1317
173	174
173	175
173	176
173	177
173	178
173	179
173	180
174	249
174	427
174	667
175	1575
175	3066
175	3344
175	3715
175	3849
175	4539
175	5209
175	5325
175	5483
175	5584
176	248
176	369
176	697
176	700
176	946
176	947
176	2001
176	2122
177	266
177	367
177	368
177	559
177	856
177	1245
178	255
178	256
178	554
178	871
178	1947
178	2125
178	2126
178	2127
178	2128
178	2129
179	250
179	559
179	2018
180	1489
180	1490
180	1524
180	1766
180	2130
180	2131
180	2132
180	2133
180	2134
181	182
181	183
181	184
181	185
181	186
181	187
181	188
181	189
181	190
181	191
191	2190
191	2365
191	2366
191	2367
191	2368
191	2369
191	2370
191	2371
191	2372
192	193
192	194
192	195
192	196
193	2062
193	2222
193	2388
193	2389
193	2390
193	2391
194	1020
194	2135
194	2136
194	2137
194	2138
194	2139
194	2140
194	2141
195	368
195	422
195	558
195	736
195	1245
196	246
196	424
196	659
196	809
196	2120
196	2142
196	2143
196	2144
196	2145
196	2146
197	198
197	199
197	200
197	201
197	202
197	203
197	204
197	205
197	206
197	207
198	412
198	604
198	870
198	1466
198	1556
198	2147
198	2148
198	2149
198	2150
198	2151
201	714
201	2152
201	2153
201	2154
201	2155
201	2156
201	2157
201	2158
201	2159
201	2160
203	5973
203	5974
208	209
208	210
208	211
208	212
208	213
208	214
208	215
208	216
208	217
209	976
209	1903
209	1940
209	2103
209	2429
209	2430
209	2431
209	2432
211	494
211	621
211	1358
211	1412
211	2161
211	2162
211	2163
211	2164
211	2165
211	2166
218	219
218	220
218	221
218	222
218	223
218	224
218	225
218	226
218	227
225	893
225	1343
225	1749
225	1861
225	2177
225	2178
225	2179
225	2180
226	314
226	1114
226	1564
226	2171
226	2172
226	2173
226	2174
226	2175
226	2176
228	229
228	230
228	231
228	232
228	233
228	234
228	235
229	840
229	1123
229	1194
229	1726
229	2217
229	2218
229	2219
229	2220
229	2221
229	2222
232	2223
236	237
236	238
236	239
236	240
236	241
236	242
236	243
236	244
236	245
238	667
238	2181
238	2182
238	2183
238	2184
238	2185
241	2010
241	2186
241	2187
241	2188
243	1564
243	2189
243	2190
243	2191
243	2192
243	2193
243	2194
243	2195
243	2196
244	338
244	612
244	1264
244	1284
244	2197
244	2198
244	2199
244	2200
244	2201
244	2202
247	776
247	900
247	1067
247	1068
247	1069
247	1070
247	1071
247	1072
247	1073
247	1074
248	326
248	914
248	915
248	916
248	917
248	918
248	919
248	920
248	921
248	922
249	250
249	251
249	351
249	753
249	755
249	762
249	983
250	1349
250	1389
250	1644
250	1726
250	2018
250	4180
250	4181
251	513
251	586
251	873
251	1064
251	1412
251	2206
251	2207
251	2208
251	2209
251	2210
252	808
252	1475
252	2211
252	2212
252	2213
252	2214
252	2215
252	2216
253	254
253	255
253	256
253	257
253	258
253	259
253	260
253	261
253	262
257	1137
257	1233
257	1300
257	1301
257	1302
257	1303
257	1304
257	1305
257	1306
263	264
263	265
263	266
263	267
263	268
263	269
264	697
264	1787
264	2193
264	2194
264	2224
264	2225
264	2226
264	2227
264	2228
267	414
267	813
267	1050
267	1749
267	2229
267	2230
267	2231
267	2232
267	2233
267	2234
270	271
270	272
270	273
270	274
270	275
270	276
270	277
270	278
276	600
276	1583
276	1800
276	2247
276	2248
276	2249
279	280
279	281
279	282
279	283
279	284
279	285
279	286
279	287
279	288
280	318
280	552
280	790
280	967
280	1202
280	1259
280	1412
280	1620
280	1933
280	2235
283	552
283	632
283	779
283	838
283	1321
283	1371
283	1571
283	1891
283	1892
283	2236
284	503
284	1699
284	1789
284	2237
284	2238
284	2239
284	2240
284	2241
284	2242
285	311
285	712
285	873
285	955
285	1197
285	1227
285	2218
285	2219
285	2243
288	1917
288	1946
288	1957
288	2015
288	2244
288	2245
288	2246
289	290
289	291
289	292
289	293
289	294
289	295
289	296
289	297
289	298
289	299
298	352
298	424
298	666
299	378
299	443
299	774
299	1573
299	1704
299	2035
299	2250
299	2251
299	2252
300	301
300	302
300	303
300	304
300	305
300	306
300	307
300	308
300	309
302	1233
302	2519
303	309
303	341
303	764
303	909
303	1061
303	1093
303	1095
303	2253
303	2254
303	2255
305	587
305	710
305	838
305	1498
305	1776
305	1850
305	2256
305	2257
305	2258
305	2259
307	711
307	883
307	1018
307	2260
307	2261
307	2262
307	2263
307	2264
307	2265
307	2266
310	311
310	312
310	313
310	314
310	315
310	316
310	317
310	318
310	319
310	320
311	369
311	753
311	1245
311	3677
314	423
314	1245
316	2267
321	322
321	323
321	324
321	325
321	326
321	327
321	328
321	329
321	330
324	568
325	1507
325	1669
325	2159
325	2187
325	2268
325	2269
325	2270
325	2271
325	2272
326	922
326	1004
326	2277
326	2278
326	2279
326	2280
326	2281
326	2282
326	2283
326	2284
327	627
327	681
327	822
327	2179
327	2273
327	2274
327	2275
327	2276
331	332
331	333
331	334
331	335
331	336
331	337
331	338
331	339
334	376
334	843
334	1587
334	1888
334	2053
334	2285
334	2286
334	2287
335	494
335	1052
335	2023
335	2319
335	3590
335	4152
335	4153
335	4154
339	364
339	559
339	1317
339	1755
339	2278
340	341
340	342
340	343
340	344
340	345
340	346
340	347
340	348
340	349
340	350
341	370
341	862
341	1591
341	1805
341	1891
341	2177
341	2288
341	2289
341	2290
341	2291
343	558
343	666
343	667
343	754
343	1245
344	881
345	424
345	754
345	2001
346	1018
346	2301
346	2302
346	2303
346	2304
346	2305
346	2306
346	2307
348	751
348	930
348	1322
348	1364
348	1366
348	2004
348	2292
348	2293
348	2294
348	2295
349	473
349	855
349	946
349	1716
349	2296
349	2297
349	2298
349	2299
349	2300
350	378
350	432
350	558
350	1734
350	2264
350	2328
350	2329
350	2330
350	2331
351	352
351	353
351	354
351	355
351	356
351	357
351	358
351	359
352	367
352	368
352	422
352	2001
353	367
353	368
353	666
353	754
353	856
355	968
355	2308
355	2309
355	2310
355	2311
355	2312
355	2313
355	2314
356	572
356	980
356	1212
356	2321
356	2322
356	2323
356	2324
356	2325
356	2326
356	2327
359	520
359	633
359	1334
359	1451
359	2332
359	2333
359	2334
359	2335
359	2336
359	2337
360	361
360	362
360	363
360	364
360	365
366	367
366	368
366	369
367	559
367	666
367	1317
369	422
369	559
369	666
370	371
370	372
370	373
370	374
370	375
370	376
370	377
370	378
370	379
370	380
371	422
371	1245
372	1928
372	2177
372	2315
372	2316
372	2317
372	2318
372	2319
372	2320
377	423
377	718
377	856
377	2018
377	2338
378	390
378	667
378	717
378	1245
379	2373
380	1030
380	1230
380	1231
380	1232
380	1233
380	1234
380	1235
380	1236
381	382
381	383
381	384
381	385
381	386
381	387
381	388
381	389
382	996
382	1969
382	2345
382	2346
382	2347
382	2348
382	2349
382	2350
382	2351
382	2352
385	1741
385	2162
385	2339
385	2340
385	2341
385	2342
385	2343
385	2344
386	389
386	609
386	1077
386	1451
386	2035
386	2360
386	2361
386	2362
386	2363
386	2364
387	825
387	1733
387	1961
387	2001
387	2353
387	2354
387	2355
387	2356
389	693
389	882
389	951
389	1383
389	1538
389	1792
389	2271
389	2357
389	2358
389	2359
390	391
390	392
390	393
390	394
390	395
390	396
390	397
390	398
391	422
391	427
391	717
391	718
391	2338
392	814
392	944
392	1846
392	2381
392	2382
392	2383
392	2384
392	2385
392	2386
392	2387
398	977
398	1947
398	2374
398	2375
398	2376
398	2377
398	2378
398	2379
398	2380
399	400
399	401
399	402
399	403
399	404
399	405
399	406
399	407
399	408
399	409
401	422
401	423
401	427
401	559
406	1999
407	412
407	1217
407	1749
407	2392
409	422
409	2018
410	411
410	412
410	413
410	414
410	415
410	416
410	417
410	418
410	419
410	420
411	835
411	1256
411	1814
411	2266
411	2839
411	3306
411	5013
411	5014
411	5015
412	769
412	2253
412	2532
412	3029
412	3215
412	3485
412	4254
412	5484
412	5501
412	5502
413	2393
415	427
415	676
415	799
415	803
415	1018
415	1019
415	1020
415	1021
416	640
416	1002
416	1477
416	2013
416	2327
416	2434
416	2435
416	2436
416	2437
416	2438
418	763
418	1541
418	1944
418	2467
418	2468
418	2469
418	2470
418	2471
421	422
421	423
421	424
422	1911
422	2394
422	2395
422	2396
422	2397
422	2398
422	2399
422	2400
422	2401
422	2402
423	427
423	2403
423	2404
423	2405
423	2406
423	2407
423	2408
424	940
424	960
424	2409
424	2410
424	2411
424	2412
424	2413
424	2414
424	2415
425	426
425	427
427	695
427	700
427	946
427	947
428	429
428	430
428	431
428	432
428	433
428	434
428	435
428	436
428	437
428	438
430	826
430	1415
430	2235
430	2373
430	2416
430	2417
430	2418
430	2419
430	2420
430	2421
431	487
431	2214
431	2311
431	2422
431	2423
431	2424
431	2425
431	2426
431	2427
431	2428
433	1370
433	1565
433	1824
433	2433
434	559
434	1317
434	2018
437	1090
437	1486
437	2500
438	456
438	1383
438	1522
438	2094
438	2220
438	2443
438	2444
438	2445
438	2446
439	440
439	441
439	442
439	443
439	444
439	445
439	446
439	447
439	448
439	449
440	1607
440	1868
440	2312
440	2399
440	2492
440	2784
440	3617
440	4781
440	5476
448	878
448	1317
448	1376
448	1556
448	1912
448	2439
448	2440
449	1246
450	451
450	452
450	453
450	454
450	455
450	456
450	457
455	2038
455	2188
455	2241
455	2441
455	2442
458	459
458	460
458	461
458	462
458	463
458	464
458	465
458	466
458	467
458	468
466	2447
466	2448
466	2449
466	2450
466	2451
469	470
469	471
469	472
469	473
469	474
469	475
469	476
469	477
472	1267
472	1485
472	1486
472	1487
472	1488
472	1489
472	1490
472	1491
472	1492
473	1193
473	1509
473	3205
473	3309
473	4207
473	4282
473	4828
473	4829
473	4830
475	1670
475	1915
475	2480
475	2481
475	2482
475	2483
475	2484
475	2485
475	2486
475	2487
478	479
478	480
478	481
478	482
478	483
478	484
478	485
478	486
478	487
478	488
479	2452
479	2453
479	2454
479	2455
479	2456
479	2457
479	2458
479	2459
479	2460
479	2461
480	507
480	722
480	726
480	1048
480	2319
480	2358
480	2462
480	2463
481	695
481	700
481	946
481	947
483	1812
484	532
484	786
484	1352
484	1764
484	2493
484	2494
484	2495
484	2496
484	2497
485	1317
489	490
489	491
489	492
489	493
489	494
489	495
489	496
489	497
489	498
490	520
490	852
490	2069
490	2167
490	2214
490	2403
490	2464
490	2465
490	2466
494	658
494	892
494	924
494	1372
494	1787
494	2475
494	2476
494	2477
494	2478
494	2479
496	633
496	762
496	1471
496	2358
496	2376
496	2472
496	2473
496	2474
499	500
499	501
499	502
499	503
499	504
499	505
499	506
499	507
500	1475
500	1476
504	1245
504	1246
505	1317
505	2018
507	2491
507	2492
508	509
508	510
508	511
508	512
508	513
508	514
508	515
509	828
509	840
509	2447
509	2488
509	2489
509	2490
516	517
516	518
516	519
516	520
516	521
516	522
516	523
516	524
516	525
521	577
521	578
521	579
521	580
521	581
521	582
521	583
526	527
527	1020
527	1171
527	1342
527	2671
527	2837
527	2935
527	3786
527	3840
527	4248
527	4455
527	4876
527	4979
527	4980
528	529
528	530
528	531
528	532
528	533
528	534
528	535
528	536
531	571
531	572
531	573
531	574
531	575
531	576
532	1329
532	1330
533	1482
533	1512
533	1607
533	2498
533	2499
533	2500
533	2501
533	2502
533	2503
533	2504
536	1132
537	538
537	539
537	540
537	541
537	542
537	543
537	544
537	545
537	546
537	547
541	710
541	2534
544	2505
544	2506
544	2507
544	2508
544	2509
544	2510
544	2511
544	2512
544	2513
547	824
547	1790
547	2078
547	2151
547	2240
547	2418
547	2514
547	2515
548	549
548	550
548	551
548	552
548	553
548	554
548	555
548	556
551	586
551	765
551	955
551	982
551	1288
551	1311
551	2336
551	2516
551	2517
551	2518
553	554
553	695
553	696
553	697
553	946
553	2077
554	1547
554	2148
554	2472
554	3141
554	3283
554	3312
554	4477
554	4515
554	4516
557	558
557	559
558	698
558	5570
558	5571
559	756
559	759
559	818
559	819
559	820
559	821
559	822
559	823
559	824
560	561
560	562
560	563
560	564
560	565
560	566
560	567
560	568
560	569
560	570
563	1575
563	2582
563	2583
563	2584
571	721
571	765
571	804
571	1913
571	2358
571	2474
571	2521
571	2522
571	2523
571	2524
572	584
572	818
572	979
572	1353
572	2119
572	2306
572	2337
572	2892
572	4318
572	4319
573	2520
576	1827
576	2481
576	2953
576	3171
576	4846
576	5235
576	5236
576	5237
576	5238
576	5239
577	584
577	642
577	977
577	1610
577	2506
577	2525
577	2526
577	2527
577	2528
579	893
579	1476
579	1629
579	1682
579	2529
579	2530
579	2531
579	2532
579	2533
580	910
580	1275
580	1427
580	1782
580	1792
580	2539
580	2540
580	2541
580	2542
581	2538
582	715
582	1068
582	1541
582	1854
582	2354
582	2414
582	2535
582	2536
582	2537
584	585
584	586
584	587
586	666
586	717
586	754
588	589
588	590
588	591
588	592
588	593
588	594
588	595
588	596
588	597
588	598
599	600
599	601
599	602
599	603
599	604
599	605
599	606
606	820
606	1040
606	1097
606	1439
606	1644
606	1730
606	2555
606	2556
606	2557
607	608
607	609
607	610
607	611
607	612
607	613
607	614
607	615
607	616
608	2026
610	881
610	1217
610	1392
610	1990
610	2273
610	2558
610	2559
610	2560
610	2561
610	2562
611	740
611	808
611	1500
611	2265
611	2480
611	2543
611	2544
611	2545
613	1631
613	2337
613	2453
613	2546
613	2547
613	2548
613	2549
613	2550
613	2551
617	618
617	619
617	620
617	621
617	622
617	623
617	624
617	625
617	626
617	627
620	1583
620	2272
620	2385
620	2552
620	2553
620	2554
628	629
628	630
629	1067
629	1426
629	1427
629	1428
629	1429
629	1430
629	1431
629	1432
631	632
631	633
631	634
631	635
634	717
634	2941
634	2968
634	3112
634	5880
634	6131
634	6132
634	6133
635	668
635	746
635	747
635	748
635	749
635	750
635	751
636	637
636	638
636	639
636	640
636	641
636	642
636	643
637	796
637	869
637	870
637	871
637	872
637	873
637	874
637	875
637	876
637	877
644	645
645	2223
645	2430
645	2563
645	2564
647	648
647	649
647	650
647	651
647	652
647	653
647	654
647	655
652	732
652	1326
652	2199
652	2572
652	2573
652	2574
652	2575
654	798
654	1023
654	1365
654	2475
654	2516
654	2559
654	2568
654	2569
654	2570
654	2571
655	1032
655	1246
655	1378
655	1411
655	1836
655	1999
655	2200
655	2565
655	2566
655	2567
656	657
656	658
656	659
656	660
656	661
656	662
656	663
656	664
659	667
659	1084
659	1814
659	1870
659	2244
659	2295
659	2576
659	2577
665	666
665	667
667	1350
667	1956
667	2578
667	2579
667	2580
667	2581
668	669
668	670
668	671
668	672
668	673
668	674
668	675
668	676
668	677
668	678
679	680
679	681
679	682
679	683
679	684
679	685
679	686
679	687
679	688
680	1841
680	1842
680	1843
680	1844
680	1845
680	1846
682	690
682	712
682	851
682	1337
682	1347
682	2411
682	2585
682	2586
684	1376
684	1955
684	2227
684	2300
684	2421
684	2630
684	2631
684	2632
684	2633
686	1162
686	1309
686	1573
686	1958
686	2587
686	2588
686	2589
686	2590
686	2591
686	2592
689	690
689	691
689	692
689	693
693	1628
693	2602
693	2603
693	2604
693	2605
693	2606
693	2607
693	2608
693	2609
693	2610
694	695
694	696
694	697
694	698
694	699
694	700
695	1690
695	1956
695	2385
695	2593
695	2594
695	2595
695	2596
697	870
697	1441
697	1589
697	2034
697	2214
697	2597
697	2598
697	2599
697	2600
697	2601
699	1027
699	1653
699	1702
699	2289
699	2546
699	2611
699	2612
699	2613
700	1056
700	1517
700	2614
700	2615
700	2616
700	2617
700	2618
700	2619
700	2620
701	702
701	703
701	704
701	705
701	706
701	707
701	708
703	898
703	1581
703	1620
703	2634
703	2635
703	2636
703	2637
703	2638
703	2639
703	2640
704	851
704	1531
704	1539
704	2621
704	2622
704	2623
704	2624
705	1594
705	1600
705	1641
705	2625
705	2626
705	2627
705	2628
705	2629
706	3501
706	4623
706	4624
707	1047
707	1107
707	1503
707	1656
707	1803
707	2641
707	2642
707	2643
707	2644
709	710
709	711
709	712
709	713
709	714
709	715
715	834
715	1068
715	1195
715	2472
715	2645
715	2646
715	2647
715	2648
715	2649
716	717
716	718
717	754
718	942
718	1885
718	1886
718	1887
719	720
719	721
719	722
719	723
719	724
719	725
719	726
719	727
720	2001
720	2018
722	2713
724	725
724	1313
724	1424
724	1434
724	2443
724	2653
724	2654
726	3459
726	3654
726	3726
726	4072
726	5137
726	5138
726	5139
728	729
728	730
728	731
728	732
728	733
728	734
728	735
731	982
731	1156
731	1258
731	2053
731	2176
731	2655
731	2656
731	2657
731	2658
732	928
732	1071
732	1233
732	1246
732	1435
732	2228
732	2650
732	2651
732	2652
734	893
734	1412
734	1734
734	2015
734	2582
734	2631
734	2684
734	2685
734	2686
736	737
736	738
736	739
736	740
736	741
736	742
736	743
736	744
736	745
737	898
737	1539
737	2516
737	2659
737	2660
737	2661
737	2662
737	2663
739	1380
739	1609
739	2664
739	2665
739	2666
740	1255
740	1487
740	1531
740	1557
740	1609
740	2385
740	2663
740	4539
741	1575
741	2272
741	2538
741	2719
741	2720
741	2721
741	2722
741	2723
742	1476
742	1975
742	2412
742	2453
742	2678
742	2679
742	2680
742	2681
742	2682
742	2683
747	2051
747	2427
747	2648
747	2667
747	2668
747	2669
747	2670
747	2671
747	2672
747	2673
750	817
750	1417
750	2127
750	2294
750	2397
750	2674
750	2675
750	2676
750	2677
751	856
751	2001
752	753
752	754
752	755
756	757
756	758
756	759
756	760
756	761
756	762
756	763
759	1454
759	2707
759	2708
759	2709
759	2710
759	2711
759	2712
760	1688
760	2026
760	2152
760	2517
760	2687
760	2688
760	2689
762	2001
762	2018
764	765
764	766
764	767
764	768
764	769
764	770
764	771
764	772
764	773
764	774
766	1332
766	1689
766	1956
766	2330
766	2569
766	2697
766	2698
766	2699
767	1618
767	1863
767	2550
767	2690
767	2691
767	2692
767	2693
767	2694
767	2695
767	2696
769	1024
769	1335
769	2547
769	2579
769	2670
769	2700
769	2701
769	2702
769	2703
769	2704
771	838
771	1003
771	1402
771	1717
771	1896
771	1968
771	2689
771	2705
771	2706
773	2907
775	776
777	778
777	779
777	780
777	781
777	782
777	783
777	784
777	785
777	786
786	1300
786	1326
786	2091
786	2714
786	2715
786	2716
786	2717
786	2718
787	788
787	789
787	790
787	791
787	792
787	793
787	794
787	795
787	796
797	798
797	799
797	800
797	801
797	802
797	803
801	940
801	1866
801	1867
801	2036
801	2200
801	2724
801	2725
801	2726
801	2727
801	2728
804	805
804	806
804	807
804	808
804	809
804	810
804	811
804	812
804	813
804	814
804	815
804	816
804	817
805	1644
805	2738
805	2739
811	965
811	1151
811	2176
811	2729
811	2730
811	2731
811	2732
811	2733
816	1048
816	1129
816	2237
816	2548
816	4695
816	4844
816	4878
816	5224
816	5628
816	5629
820	1317
821	928
821	1223
821	1224
821	1231
821	1873
821	2734
821	2735
821	2736
821	2737
823	894
823	1264
823	1322
823	1323
823	1324
823	1325
823	1326
823	1327
823	1328
825	826
825	827
825	828
825	829
825	830
825	831
825	832
825	833
825	834
825	835
830	886
830	2018
836	837
836	838
836	839
836	840
836	841
836	842
836	843
836	844
836	845
846	847
846	848
846	849
846	850
846	851
846	852
846	853
846	854
852	938
852	1097
852	1556
852	1990
852	2748
852	2749
852	2750
852	2751
852	2752
855	856
855	857
855	858
856	1317
856	2018
858	1704
858	1705
858	1706
858	1707
858	1708
858	1709
859	860
859	861
859	862
859	863
859	864
859	865
859	866
859	867
859	868
863	1481
863	1775
863	2125
863	2740
863	2741
863	2742
863	2743
864	894
864	1333
864	2517
864	2744
864	2745
864	2746
864	2747
866	1351
866	1408
866	1860
866	2326
866	2763
866	2764
866	2765
867	1734
867	1738
867	2527
867	2766
867	2767
867	2768
867	2769
867	2770
868	1145
868	1146
868	1147
868	1148
868	1149
868	1150
868	1151
868	1152
868	1153
869	1195
869	1367
869	1762
869	2354
869	2380
869	2753
869	2754
869	2755
873	1227
873	1336
873	2392
873	2433
873	2581
873	2756
873	2757
873	2758
873	2759
873	2760
874	1003
874	1022
874	1655
874	2495
874	2761
874	2762
878	879
878	880
878	881
878	882
878	883
878	884
878	885
881	1511
881	2579
881	2593
881	2594
881	2595
881	2771
881	2772
882	2774
885	2773
886	887
886	888
886	889
886	890
886	891
886	892
886	893
886	894
886	895
887	1671
887	1688
887	1786
887	1805
887	2361
887	2662
887	2775
887	2776
887	2777
887	2778
889	2547
889	2951
892	2200
892	2959
892	2960
892	2961
896	897
896	898
896	899
896	900
896	901
896	902
896	903
896	904
896	905
898	1620
898	2785
902	1272
902	2409
902	2626
902	2663
902	2779
902	2780
902	2781
902	2782
902	2783
902	2784
904	1790
904	2737
904	2791
904	2792
904	2793
904	2794
904	2795
904	2796
906	907
906	908
906	909
906	910
906	911
906	912
906	913
907	1292
907	1397
907	2099
907	2778
907	2804
907	2805
907	2806
907	2807
907	2808
908	942
908	1512
908	1842
908	2786
908	2787
908	2788
908	2789
908	2790
910	2322
910	2797
910	2798
910	2799
910	2800
910	2801
910	2802
910	2803
914	2042
918	1047
918	1213
918	1376
918	1708
918	2624
918	2818
918	2819
918	2820
922	2809
922	2810
922	2811
922	2812
922	2813
922	2814
922	2815
922	2816
922	2817
923	924
923	925
923	926
923	927
923	928
926	2300
926	2337
926	2821
926	2822
926	2823
928	2652
929	930
929	931
929	932
929	933
929	934
929	935
929	936
929	937
930	1317
937	1317
938	939
938	940
938	941
938	942
938	943
938	944
938	945
941	6087
945	1095
945	2846
945	3777
945	4409
945	4410
945	4411
948	949
948	950
948	951
949	1028
949	1661
949	2697
949	2829
949	2830
949	2831
949	2832
949	2833
949	2834
949	2835
950	1570
950	1631
950	1747
950	2793
950	2824
950	2825
950	2826
950	2827
950	2828
952	953
952	954
952	955
952	956
952	957
952	958
952	959
952	960
955	1337
955	1541
955	1901
955	2214
955	2422
955	2428
955	2805
955	2837
955	2838
955	2839
955	2840
955	2841
955	2842
955	2843
956	2836
958	1249
958	1540
958	3491
958	4123
958	4892
958	4973
958	4974
961	962
961	963
961	964
961	965
961	966
961	967
962	1228
962	1777
962	1778
962	1779
962	1780
962	1781
962	1782
962	1783
962	1784
963	1054
963	1124
963	1831
963	2287
963	2291
963	2686
963	2851
963	2852
963	2853
963	2854
964	2213
964	2844
964	2845
964	2846
964	2847
964	2848
964	2849
964	2850
965	1208
965	1390
965	1728
965	2871
965	2872
965	2873
965	2874
965	2875
965	2876
967	2855
967	2856
967	2857
967	2858
967	2859
967	2860
967	2861
968	969
968	970
968	971
968	972
968	973
968	974
972	2229
972	2862
972	2863
972	2864
975	976
975	977
975	978
975	979
975	980
975	981
975	982
975	983
977	2093
977	2517
977	2840
977	2865
977	2866
977	2867
977	2868
977	2869
977	2870
978	1140
978	2877
978	2878
978	2879
978	2880
978	2881
978	2882
979	1023
979	1318
979	1319
979	1320
979	1321
981	1143
981	1974
981	2883
981	2884
981	2885
981	2886
982	3028
982	3029
982	3030
982	3031
984	985
984	986
984	987
984	988
984	989
984	990
984	991
986	1245
988	1610
988	2474
988	2630
988	2767
988	2887
988	2888
988	2889
989	990
989	991
989	1047
989	1383
989	1424
989	2054
989	2375
989	2399
989	2525
989	2606
989	2890
989	2891
989	2892
989	2893
989	2894
989	2895
989	2896
989	2897
992	993
994	995
996	997
996	998
997	1332
997	1829
997	2061
997	2383
997	2507
997	2902
998	1536
998	1735
998	2023
998	2451
998	2898
998	2899
998	2900
998	2901
999	1000
999	1001
999	1002
999	1003
999	1004
999	1005
999	1006
999	1007
999	1008
1001	1071
1001	1100
1001	1291
1001	2198
1001	2931
1001	2932
1001	2933
1001	2934
1001	2935
1001	2936
1002	1408
1002	1439
1002	1440
1002	1441
1004	1591
1004	1760
1004	2212
1004	2552
1004	2903
1004	2904
1004	2905
1004	2906
1005	1490
1005	1624
1005	2287
1005	2330
1005	2908
1005	2909
1005	2910
1005	2911
1009	1010
1009	1011
1009	1012
1009	1013
1009	1014
1009	1015
1009	1016
1009	1017
1010	1191
1010	1517
1010	2411
1010	2538
1010	2920
1010	2921
1010	2922
1010	2923
1010	2924
1010	2925
1011	3044
1013	2119
1013	2909
1013	2912
1013	2913
1013	2914
1013	2915
1015	2916
1015	2917
1015	2918
1015	2919
1019	1533
1019	2018
1019	2926
1019	2927
1019	2928
1019	2929
1019	2930
1022	1023
1022	1024
1022	1025
1022	1026
1022	1027
1022	1028
1022	1029
1022	1030
1022	1031
1022	1032
1025	2916
1025	3191
1025	3462
1025	5106
1025	5107
1025	5108
1026	1246
1026	2199
1026	2366
1026	2791
1026	2937
1026	2938
1026	2939
1027	1221
1027	1316
1027	1750
1027	2471
1027	2612
1027	2849
1027	2859
1027	2952
1027	2953
1027	2954
1028	1798
1028	2733
1028	2940
1028	2941
1028	2942
1028	2943
1029	2098
1030	2651
1030	2693
1030	2944
1030	2945
1030	2946
1030	2947
1030	2948
1030	2949
1030	2950
1033	1034
1033	1035
1033	1036
1033	1037
1033	1038
1033	1039
1033	1040
1039	1176
1039	1651
1039	1956
1039	2271
1039	2787
1039	2955
1039	2956
1039	2957
1039	2958
1040	1055
1040	2254
1040	2962
1040	2963
1040	2964
1040	2965
1040	2966
1040	2967
1041	1042
1041	1043
1041	1044
1041	1045
1041	1046
1041	1047
1043	3146
1043	4264
1046	1245
1048	1049
1048	1050
1048	1051
1048	1052
1048	1053
1048	1054
1048	1055
1048	1056
1055	1347
1055	2207
1055	2411
1055	2802
1055	2968
1055	2969
1055	2970
1055	2971
1057	1058
1057	1059
1057	1060
1057	1061
1057	1062
1057	1063
1057	1064
1057	1065
1057	1066
1063	2493
1063	2987
1063	2988
1063	2989
1063	2990
1063	2991
1063	2992
1063	2993
1063	2994
1063	2995
1067	1570
1067	2976
1067	2977
1068	1688
1068	2493
1068	2972
1068	2973
1068	2974
1070	2975
1075	1076
1075	1077
1075	1078
1075	1079
1075	1080
1075	1081
1075	1082
1075	1083
1080	2868
1081	1720
1081	2978
1081	2979
1081	2980
1081	2981
1081	2982
1081	2983
1084	1085
1084	1086
1084	1087
1084	1088
1084	1089
1084	1090
1086	1457
1086	1824
1086	2124
1086	2984
1086	2985
1086	2986
1089	1313
1089	2523
1089	2872
1089	3109
1090	1374
1090	1516
1090	1568
1090	1861
1090	2078
1090	2222
1090	2430
1090	3110
1090	3111
1091	1092
1091	1093
1091	1094
1091	1095
1091	1096
1091	1097
1094	1246
1098	1099
1098	1100
1098	1101
1098	1102
1098	1103
1098	1104
1098	1105
1098	1106
1108	1109
1108	1110
1108	1111
1108	1112
1108	1113
1108	1114
1108	1115
1108	1116
1111	1618
1111	1645
1111	1982
1111	2163
1111	3018
1111	3019
1111	3020
1111	3021
1111	3022
1113	1245
1117	1118
1117	1119
1117	1120
1117	1121
1117	1122
1117	1123
1118	2011
1118	2625
1118	2996
1118	2997
1118	2998
1118	2999
1118	3000
1118	3001
1124	1125
1124	1126
1124	1127
1124	1128
1124	1129
1124	1130
1124	1131
1124	1132
1124	1133
1126	3147
1126	3148
1129	2077
1129	3002
1130	2938
1133	3158
1136	1137
1136	1138
1136	1139
1136	1140
1136	1141
1136	1142
1136	1143
1136	1144
1137	2086
1137	2657
1137	2966
1137	3003
1137	3004
1137	3005
1137	3006
1137	3007
1137	3008
1138	2013
1138	2221
1138	2770
1138	2785
1138	2848
1138	3015
1138	3016
1138	3017
1139	2359
1139	3009
1139	3010
1139	3011
1139	3012
1139	3013
1139	3014
1141	1949
1141	2353
1141	3023
1141	3024
1141	3025
1141	3026
1141	3027
1143	1556
1143	1766
1143	1852
1143	1890
1143	2384
1143	2544
1143	2666
1143	3032
1143	3033
1146	2430
1146	3180
1154	1155
1154	1156
1154	1157
1154	1158
1154	1159
1154	1160
1155	2394
1155	2966
1155	3034
1155	3035
1155	3036
1155	3037
1155	3038
1158	1316
1158	2146
1158	2844
1158	3039
1158	3040
1158	3041
1158	3042
1158	3043
1162	1163
1162	1164
1162	1165
1162	1166
1163	1882
1163	2593
1163	3617
1163	4494
1163	4495
1163	4496
1163	4497
1163	4498
1163	4499
1165	2089
1165	2204
1165	2561
1165	2795
1165	3055
1165	3056
1165	3057
1165	3058
1167	1168
1167	1169
1167	1170
1167	1171
1168	1909
1168	1912
1168	2574
1168	2791
1168	2797
1168	3045
1168	3046
1168	3047
1168	3048
1168	3049
1172	1173
1172	1174
1172	1175
1172	1176
1172	1177
1172	1178
1172	1179
1172	1180
1173	1441
1173	2683
1173	2746
1173	3781
1173	3865
1173	5009
1174	1178
1174	1233
1174	1439
1174	1491
1174	1946
1174	3050
1174	3051
1174	3052
1174	3053
1176	2001
1176	2018
1181	1182
1181	1183
1181	1184
1181	1185
1181	1186
1181	1187
1181	1188
1181	1189
1181	1190
1181	1191
1184	2259
1189	3054
1191	1331
1191	1339
1191	1340
1191	1341
1191	1342
1191	1343
1191	1344
1192	1193
1192	1194
1192	1195
1192	1196
1192	1197
1192	1198
1193	4711
1193	5518
1193	5519
1193	5520
1198	1382
1198	1383
1198	3059
1198	3060
1198	3061
1198	3062
1198	3063
1198	3064
1200	1201
1200	1202
1200	1203
1200	1204
1200	1205
1200	1206
1200	1207
1200	1208
1202	3105
1204	1322
1204	2887
1204	3098
1204	3099
1204	3100
1204	3101
1204	3102
1204	3103
1204	3104
1205	1849
1205	1850
1205	2996
1205	3065
1205	3066
1205	3067
1205	3068
1205	3069
1205	3070
1207	1749
1207	2739
1207	3071
1207	3072
1207	3073
1207	3074
1207	3075
1207	3076
1207	3077
1207	3078
1209	1210
1209	1211
1209	1212
1209	1213
1209	1214
1209	1215
1209	1216
1209	1217
1211	1800
1212	1385
1212	1402
1212	1724
1212	2790
1212	3079
1212	3080
1216	1591
1216	1749
1217	1424
1217	1670
1217	1749
1217	2341
1217	2672
1217	2839
1217	3081
1217	3082
1217	3083
1218	1219
1218	1220
1218	1221
1222	1223
1222	1224
1222	1225
1222	1226
1222	1227
1222	1228
1222	1229
1223	1800
1223	1827
1223	3156
1223	3905
1223	3981
1223	5192
1223	5311
1223	5312
1228	1896
1228	3323
1228	4906
1228	4907
1229	1916
1229	2140
1229	2949
1229	2984
1229	3084
1229	3085
1229	3086
1229	3087
1229	3088
1230	1900
1230	1923
1230	2723
1230	3670
1230	4540
1232	1854
1232	1881
1232	2493
1232	3089
1232	3090
1232	3091
1232	3092
1232	3093
1232	3094
1234	2093
1234	2612
1234	2678
1234	2871
1234	3095
1234	3096
1234	3097
1235	2338
1237	1238
1237	1239
1237	1240
1237	1241
1237	1242
1237	1243
1237	1244
1241	1492
1243	1787
1243	2465
1243	2663
1243	3106
1243	3107
1243	3108
1245	2018
1247	1248
1247	1249
1247	1250
1250	1415
1250	1524
1250	2157
1250	2179
1250	3112
1250	3113
1251	1252
1251	1253
1251	1254
1251	1255
1251	1256
1251	1257
1251	1258
1253	2359
1253	3119
1254	1890
1254	2207
1254	2997
1254	3007
1255	1317
1255	3115
1255	3116
1255	3117
1256	3114
1258	1317
1258	2063
1258	3002
1258	3118
1260	1261
1260	1262
1260	1263
1260	1264
1260	1265
1260	1266
1265	2377
1267	1268
1267	1269
1267	1270
1267	1271
1267	1272
1267	1273
1267	1274
1273	2868
1273	3120
1273	3121
1273	3122
1273	3123
1273	3124
1273	3125
1273	3126
1273	3127
1275	1276
1275	1277
1275	1278
1275	1279
1275	1280
1275	1281
1275	1282
1275	1283
1275	1284
1275	1285
1276	2075
1276	2585
1276	2874
1276	3128
1276	3153
1276	3154
1276	3155
1276	3156
1276	3157
1278	1299
1278	1947
1278	1974
1278	2035
1278	2228
1278	2547
1278	3709
1278	3841
1278	5199
1279	1787
1279	1993
1279	2626
1279	3017
1279	3128
1279	3129
1279	3130
1279	3131
1279	3132
1281	1431
1281	1509
1281	2034
1281	2236
1281	3133
1281	3134
1281	3135
1281	3136
1284	1317
1286	1287
1286	1288
1286	1289
1286	1290
1286	1291
1286	1292
1286	1293
1287	1945
1287	2690
1287	3137
1287	3138
1287	3139
1287	3140
1287	3141
1289	1916
1289	2944
1289	2966
1289	3142
1289	3143
1289	3144
1289	3145
1289	3146
1290	1317
1292	3149
1294	1295
1294	1296
1294	1297
1294	1298
1294	1299
1297	1504
1297	1763
1297	1764
1297	1765
1297	1766
1301	1305
1301	1345
1301	1346
1301	1347
1301	1348
1301	1349
1301	1350
1301	1351
1305	1669
1305	1749
1305	3150
1305	3151
1305	3152
1307	1308
1307	1309
1307	1310
1307	1311
1307	1312
1307	1313
1307	1314
1307	1315
1307	1316
1308	2661
1308	2922
1308	3181
1308	3182
1308	3183
1310	1317
1317	1534
1317	2362
1317	3109
1317	3163
1317	3164
1317	3165
1317	3166
1317	3167
1317	3168
1318	1541
1318	1955
1318	2758
1318	3159
1318	3160
1318	3161
1318	3162
1323	1728
1323	2646
1323	3079
1323	3199
1323	3200
1323	3201
1326	2722
1326	3192
1326	3193
1326	3194
1328	2377
1328	2413
1328	2448
1328	3169
1328	3170
1328	3171
1328	3172
1328	3173
1328	3174
1331	1332
1331	1333
1331	1334
1331	1335
1331	1336
1331	1337
1331	1338
1333	2011
1333	2093
1333	2776
1333	2871
1333	3175
1333	3176
1333	3177
1337	1724
1337	1725
1337	1726
1337	1727
1338	1530
1338	2057
1338	2570
1338	2671
1338	2786
1338	3178
1338	3179
1341	1754
1341	2125
1341	2217
1341	2524
1341	2740
1341	3204
1341	3205
1343	1504
1343	1764
1343	1765
1343	2585
1343	3195
1343	3196
1343	3197
1343	3198
1344	2650
1344	2744
1344	2966
1344	3018
1344	3184
1344	3185
1344	3186
1346	1730
1346	1766
1346	2503
1346	2708
1346	3177
1346	3187
1346	3188
1346	3189
1346	3190
1346	3191
1352	1353
1352	1354
1352	1355
1354	1642
1354	1741
1354	2134
1354	2329
1354	2683
1354	2880
1354	3202
1354	3203
1356	1357
1356	1358
1356	1359
1356	1360
1356	1361
1359	1741
1359	1958
1359	1980
1359	2194
1359	2617
1359	3206
1359	3207
1359	3208
1360	1561
1360	2356
1360	2918
1360	3223
1361	1814
1361	2209
1361	3237
1361	3238
1361	3239
1361	3240
1361	3241
1362	1363
1362	1364
1362	1365
1362	1366
1362	1367
1362	1368
1362	1369
1365	1477
1365	2082
1365	3209
1365	3210
1365	3211
1365	3212
1365	3213
1366	2093
1366	2215
1366	2561
1366	2789
1366	3214
1366	3215
1366	3216
1366	3217
1367	3218
1369	1457
1369	1767
1369	1817
1369	3219
1369	3220
1369	3221
1369	3222
1370	1371
1370	1372
1370	1373
1370	1374
1370	1375
1370	1376
1370	1377
1370	1378
1377	2006
1377	2237
1377	3082
1377	3105
1377	3224
1377	3225
1377	3226
1379	1380
1379	1381
1379	1382
1379	1383
1379	1384
1379	1385
1379	1386
1379	1387
1380	1437
1380	1899
1380	2054
1380	2272
1380	3076
1380	3156
1380	3235
1380	3236
1382	1384
1382	1411
1382	1671
1382	1955
1382	2226
1382	2414
1382	2612
1382	2658
1382	2819
1382	3335
1382	3552
1382	4132
1382	4170
1382	4825
1382	5241
1382	5428
1382	5487
1382	5494
1382	5717
1382	5785
1382	5786
1382	5787
1382	5788
1383	2359
1383	2451
1383	2964
1383	3211
1383	3227
1383	3228
1383	3229
1385	3213
1385	3248
1385	3249
1385	3250
1385	3251
1385	3252
1385	3253
1387	1454
1387	1457
1387	1509
1387	3220
1387	3221
1387	3280
1389	1390
1389	1391
1389	1392
1389	1393
1389	1394
1389	1395
1389	1396
1389	1397
1390	1942
1390	2322
1390	2904
1390	3230
1390	3231
1390	3232
1390	3233
1390	3234
1394	2018
1396	1409
1396	1504
1396	1800
1396	1842
1396	2871
1396	3281
1397	1890
1397	2160
1397	2384
1397	3194
1397	3288
1397	3289
1398	1399
1398	1400
1398	1401
1398	1402
1399	3242
1399	3243
1399	3244
1399	3245
1399	3246
1399	3247
1400	3262
1400	3263
1400	3264
1400	3265
1400	3266
1400	3267
1400	3268
1401	2546
1401	3169
1401	3254
1401	3255
1401	3256
1401	3257
1402	1444
1402	2186
1402	2662
1402	3137
1402	3258
1402	3259
1402	3260
1402	3261
1403	1404
1403	1405
1403	1406
1403	1407
1403	1408
1403	1409
1403	1410
1404	2429
1404	2477
1404	2755
1404	3274
1404	3275
1404	3276
1404	3277
1404	3278
1404	3279
1411	1412
1411	1413
1411	1414
1411	1415
1411	1416
1411	1417
1411	1418
1413	2575
1413	2582
1413	2640
1413	2672
1413	2828
1413	2960
1413	3035
1413	3269
1413	3270
1414	2018
1415	2119
1415	2311
1415	2897
1415	2975
1415	3271
1415	3272
1415	3273
1419	1420
1419	1421
1419	1422
1419	1423
1419	1424
1419	1425
1424	2261
1424	2858
1424	3282
1424	3283
1424	3284
1424	3285
1424	3286
1424	3287
1426	2015
1426	2588
1426	3951
1426	4635
1426	4970
1427	2377
1429	1546
1429	2203
1429	2319
1429	2405
1429	3266
1429	3295
1429	3296
1429	3297
1431	3290
1434	1435
1434	1436
1434	1437
1434	1438
1438	1534
1438	3291
1438	3292
1438	3293
1438	3294
1440	1557
1440	1718
1440	2656
1440	3302
1440	3303
1440	3304
1440	3305
1440	3306
1441	1957
1441	2493
1441	3093
1441	3187
1441	3298
1441	3299
1441	3300
1441	3301
1443	1444
1444	5490
1444	5491
1445	1446
1445	1447
1445	1448
1445	1449
1445	1450
1445	1451
1445	1452
1453	1454
1453	1455
1453	1456
1453	1457
1453	1458
1453	1459
1454	1989
1454	2089
1454	3232
1454	3307
1454	3308
1454	3309
1459	1491
1459	1511
1459	2494
1459	3310
1459	3311
1459	3312
1460	1461
1462	1463
1462	1464
1462	1465
1462	1466
1462	1467
1462	1468
1462	1469
1462	1470
1462	1471
1462	1472
1466	2013
1466	2524
1466	3313
1466	3314
1466	3315
1466	3316
1476	3017
1476	3077
1476	3317
1476	3318
1476	3319
1476	3320
1476	3321
1476	3322
1478	1479
1478	1480
1478	1481
1478	1482
1478	1483
1478	1484
1484	1581
1484	2071
1484	2516
1484	2532
1484	3079
1484	3200
1484	3323
1484	3324
1484	3325
1487	2338
1495	1496
1497	1498
1497	1499
1497	1500
1497	1501
1497	1502
1497	1503
1497	1504
1497	1505
1504	3326
1504	3327
1506	1507
1506	1508
1506	1509
1506	1510
1506	1511
1506	1512
1506	1513
1506	1514
1506	1515
1518	1519
1519	3348
1519	3349
1519	3350
1520	1521
1520	1522
1520	1523
1520	1524
1520	1525
1520	1526
1522	2032
1522	3328
1522	3329
1527	1528
1527	1529
1527	1530
1529	2347
1529	2854
1529	2886
1529	3330
1529	3331
1529	3332
1529	3333
1531	1532
1531	1533
1531	1534
1531	1535
1531	1536
1531	1537
1531	1538
1531	1539
1533	1822
1533	1920
1533	2332
1533	2884
1533	2891
1534	2288
1534	3170
1534	3282
1534	4172
1534	4301
1534	4359
1534	4793
1534	4818
1534	4891
1534	5414
1534	5895
1534	5916
1534	6061
1534	6062
1535	1608
1535	1631
1535	1940
1535	2179
1535	2724
1535	3334
1535	3335
1535	3336
1540	1541
1540	1542
1540	1543
1540	1544
1540	1545
1541	2039
1541	3096
1541	3323
1541	3347
1544	3337
1544	3338
1544	3339
1544	3340
1545	1837
1546	1547
1546	1548
1546	1549
1546	1550
1546	1551
1546	1552
1546	1553
1546	1554
1546	1555
1546	1556
1547	1636
1547	2499
1547	3169
1547	3342
1547	3343
1547	3344
1547	3345
1547	3346
1548	1947
1548	2269
1548	2822
1548	3360
1548	3361
1548	3362
1548	3363
1549	1629
1549	2230
1549	2587
1549	2673
1549	3341
1556	2184
1556	3373
1556	3374
1556	3375
1556	3376
1557	1558
1557	1559
1557	1560
1557	1561
1562	1563
1562	1564
1562	1565
1562	1566
1562	1567
1562	1568
1566	2450
1566	3351
1566	3352
1566	3353
1566	3354
1566	3355
1569	1570
1569	1571
1569	1572
1569	1573
1569	1574
1569	1575
1569	1576
1572	1961
1572	2400
1572	2465
1572	3356
1572	3357
1572	3358
1572	3359
1573	2221
1573	2222
1573	2705
1573	2953
1573	2973
1573	3376
1573	3408
1577	1578
1579	1580
1579	1581
1579	1582
1579	1583
1582	1791
1582	1797
1582	2285
1582	2309
1582	2799
1582	3282
1582	3371
1582	3372
1585	1586
1585	1587
1585	1588
1585	1589
1585	1590
1585	1591
1585	1592
1585	1593
1586	2098
1589	2304
1589	3364
1589	3365
1589	3366
1589	3367
1589	3368
1590	1688
1590	1886
1590	2643
1590	3104
1590	3369
1590	3370
1594	1595
1596	1597
1596	1598
1596	1599
1596	1600
1596	1601
1596	1602
1596	1603
1596	1604
1603	2098
1605	1606
1605	1607
1605	1608
1605	1609
1610	1611
1610	1612
1610	1613
1610	1614
1610	1615
1612	1724
1612	2222
1612	3377
1612	3378
1616	1617
1616	1618
1616	1619
1616	1620
1616	1621
1616	1622
1616	1623
1616	1624
1620	1658
1620	2262
1620	2612
1620	2634
1620	2706
1620	3027
1620	3382
1620	3383
1625	1626
1625	1627
1625	1628
1625	1629
1625	1630
1625	1631
1626	2075
1626	2410
1626	2570
1626	3110
1626	3379
1626	3380
1626	3381
1627	2278
1627	3384
1627	3385
1633	1634
1633	1635
1633	1636
1633	1637
1633	1638
1633	1639
1633	1640
1636	1672
1636	2629
1636	3033
1636	3389
1636	3390
1636	3391
1636	3392
1636	3393
1637	1976
1637	2299
1637	3386
1637	3387
1637	3388
1638	2017
1641	1642
1641	1643
1641	1644
1641	1645
1641	1646
1641	1647
1644	2040
1644	2125
1644	2399
1644	2880
1644	3162
1644	3394
1644	3395
1647	2018
1648	1649
1649	2793
1649	3396
1649	3397
1649	3398
1650	1651
1650	1652
1650	1653
1650	1654
1650	1655
1650	1656
1651	1974
1651	2974
1651	3399
1651	3400
1651	3401
1651	3402
1653	3403
1654	2552
1654	2825
1654	2876
1654	3282
1654	3404
1654	3405
1654	3406
1654	3407
1656	2729
1656	5140
1657	1658
1657	1659
1657	1660
1657	1661
1657	1662
1657	1663
1657	1664
1658	1767
1658	2015
1658	2880
1658	2953
1658	3409
1658	3410
1658	3411
1659	1791
1659	2285
1659	2349
1659	2862
1659	3121
1659	3175
1659	3300
1659	3412
1663	2257
1663	2429
1663	3140
1663	3571
1665	1666
1665	1667
1666	2275
1666	3228
1666	3385
1666	4109
1666	4499
1666	4803
1668	1669
1668	1670
1668	1671
1669	3023
1669	3216
1669	3413
1669	3414
1669	3415
1669	3416
1669	3417
1669	3418
1670	2298
1670	2896
1670	3014
1670	3166
1670	3572
1672	1673
1673	1940
1673	2216
1673	2359
1673	2634
1673	2636
1673	3448
1673	3449
1674	1675
1674	1676
1674	1677
1674	1678
1674	1679
1674	1680
1674	1681
1674	1682
1675	1706
1675	1787
1675	1812
1675	1952
1675	2069
1675	2278
1675	2548
1675	2585
1675	2643
1675	2964
1675	3006
1675	3170
1675	3419
1675	3420
1675	3421
1675	3422
1675	3423
1675	3424
1675	3425
1675	3426
1675	3427
1675	3428
1675	3429
1675	3430
1675	3431
1675	3432
1675	3433
1675	3434
1675	3435
1675	3436
1675	3437
1675	3438
1680	2131
1683	1684
1685	1686
1685	1687
1685	1688
1685	1689
1685	1690
1685	1691
1687	2359
1687	3070
1687	3100
1687	3230
1687	3439
1687	3440
1687	3441
1687	3442
1691	3669
1692	1693
1692	1694
1692	1695
1692	1696
1692	1697
1692	1698
1694	3032
1694	3443
1694	3444
1694	3445
1694	3446
1694	3447
1698	2026
1698	2551
1698	2850
1698	2980
1698	3220
1698	3450
1698	3451
1698	3452
1698	3453
1698	3454
1699	2207
1699	3241
1699	3463
1699	3464
1699	3465
1699	3466
1699	3467
1700	2165
1700	2324
1700	3455
1700	3456
1700	3457
1700	3458
1701	1805
1701	1939
1701	2188
1701	3459
1701	3460
1701	3461
1701	3462
1703	2423
1703	2906
1703	3468
1703	3469
1703	3470
1703	3471
1707	1956
1707	2246
1707	2465
1707	3477
1707	3478
1707	3479
1707	3480
1707	3481
1707	3482
1707	3483
1709	2291
1709	2429
1709	3007
1709	3459
1710	1711
1711	2707
1712	1713
1713	1776
1713	2163
1713	3472
1713	3473
1713	3474
1713	3475
1714	1715
1714	1716
1714	1717
1714	1718
1714	1719
1714	1720
1714	1721
1717	2356
1717	2553
1717	3484
1717	3485
1717	3486
1721	2127
1721	2373
1721	2430
1721	2720
1721	3006
1721	3476
1722	1723
1724	1726
1724	2038
1724	3275
1724	3487
1724	3488
1724	3489
1724	3490
1729	1730
1729	1731
1729	1732
1729	1733
1729	1734
1733	2350
1733	3491
1733	3492
1733	3493
1733	3494
1733	3495
1733	3496
1734	1808
1734	2870
1734	3566
1734	5176
1735	1736
1735	1737
1735	1738
1735	1739
1735	1740
1735	1741
1737	2246
1737	2758
1737	3093
1737	3236
1737	3243
1737	3528
1737	3529
1740	3273
1740	3497
1740	3498
1740	3499
1742	1743
1742	1744
1742	1745
1742	1746
1742	1747
1743	2016
1743	2648
1743	2735
1743	2781
1743	2836
1743	3188
1743	3500
1743	3501
1743	3502
1746	2084
1746	2314
1746	2547
1746	3503
1746	3504
1746	3505
1748	1749
1748	1750
1748	1751
1748	1752
1749	2722
1749	2743
1749	2996
1749	3506
1749	3507
1749	3508
1749	3509
1750	2385
1750	3510
1750	3511
1750	3512
1751	3513
1751	3514
1751	3515
1752	2198
1752	2311
1752	3272
1752	3516
1752	3517
1752	3518
1752	3519
1753	1754
1753	1755
1753	1756
1753	1757
1753	1758
1753	1759
1753	1760
1753	1761
1753	1762
1758	2805
1758	3126
1758	3520
1758	3521
1758	3522
1758	3523
1758	3524
1758	3525
1758	3526
1765	2420
1765	2477
1765	3086
1765	3185
1765	3193
1765	3197
1765	3301
1765	3527
1766	2218
1766	2370
1766	3680
1766	3681
1767	1768
1767	1769
1767	1770
1767	1771
1767	1772
1767	1773
1767	1774
1767	1775
1767	1776
1770	2322
1772	2265
1772	2552
1772	2736
1772	2756
1772	2943
1772	2993
1772	3530
1780	2049
1780	3533
1780	3534
1780	3535
1782	2272
1782	2766
1782	3105
1782	3531
1782	3532
1785	1786
1785	1787
1785	1788
1785	1789
1785	1790
1785	1791
1785	1792
1785	1793
1787	1788
1787	3563
1787	3700
1787	3701
1787	3702
1792	2377
1792	3000
1792	3104
1792	3536
1792	3537
1792	3538
1792	3539
1792	3540
1793	1901
1793	2336
1793	2543
1793	2713
1793	2818
1793	2838
1793	3541
1794	1795
1794	1796
1794	1797
1794	1798
1799	1800
1799	1801
1799	1802
1799	1803
1799	1804
1805	1806
1805	1807
1805	1808
1805	1809
1805	1810
1805	1811
1805	1812
1805	1813
1805	1814
1806	2018
1806	3216
1811	2792
1811	3542
1811	3543
1811	3544
1811	3545
1814	1817
1814	2193
1814	3204
1814	3546
1814	3547
1814	3548
1814	3549
1814	3550
1815	1816
1815	1817
1815	1818
1815	1819
1815	1820
1816	2873
1816	2975
1816	3262
1816	3446
1816	3551
1816	3552
1816	3553
1818	3174
1818	3413
1818	3554
1818	3555
1818	3556
1819	2486
1819	2869
1819	3327
1819	3563
1819	3564
1819	3565
1819	3566
1819	3567
1820	2358
1820	3557
1820	3558
1820	3559
1820	3560
1820	3561
1820	3562
1821	1822
1821	1823
1821	1824
1821	1825
1821	1826
1827	1828
1827	1829
1827	1830
1827	1831
1827	1832
1827	1833
1831	3568
1832	1888
1832	1967
1832	1984
1832	1985
1832	3583
1832	3584
1834	1835
1834	1836
1834	1837
1834	1838
1834	1839
1834	1840
1836	2485
1836	2730
1836	3569
1836	3570
1839	2359
1839	2377
1839	2683
1839	2767
1839	3590
1839	3591
1839	3592
1842	2494
1842	3577
1842	3578
1842	3579
1842	3580
1842	3581
1842	3582
1843	2033
1843	2853
1843	3307
1843	3573
1843	3574
1843	3575
1843	3576
1844	2221
1844	3585
1844	3586
1844	3587
1844	3588
1844	3589
1847	1848
1847	1849
1847	1850
1847	1851
1847	1852
1847	1853
1847	1854
1847	1855
1848	2127
1848	2571
1848	2787
1848	2996
1848	3593
1848	3594
1850	2041
1850	3039
1850	3595
1850	3596
1850	3597
1850	3598
1850	3599
1854	2049
1854	2394
1854	3599
1854	3602
1854	3603
1854	3604
1855	2563
1855	3364
1855	3572
1855	3600
1855	3601
1856	1857
1856	1858
1856	1859
1856	1860
1856	1861
1856	1862
1856	1863
1857	2176
1857	3609
1857	3610
1857	3611
1857	3612
1857	3613
1857	3614
1859	3093
1859	3605
1859	3606
1859	3607
1859	3608
1862	3799
1862	3800
1862	3801
1862	3802
1862	3803
1862	3804
1862	3805
1862	3806
1864	1865
1864	1866
1864	1867
1864	1868
1864	1869
1866	2572
1866	3675
1866	3676
1867	2105
1867	2787
1867	3615
1867	3616
1867	3617
1867	3618
1870	1871
1870	1872
1870	1873
1870	1874
1870	1875
1871	3491
1872	2383
1872	3539
1872	3619
1872	3620
1872	3621
1872	3622
1872	3623
1877	1878
1877	1879
1877	1880
1877	1881
1877	1882
1877	1883
1877	1884
1880	2563
1880	3105
1880	3629
1880	3630
1880	3631
1881	2397
1881	3392
1881	3479
1881	3632
1881	3633
1881	3634
1881	3635
1882	1930
1882	2337
1882	3624
1882	3625
1882	3626
1882	3627
1882	3628
1883	2252
1883	2789
1883	3188
1883	3673
1883	3674
1888	1889
1888	1890
1888	1891
1888	1892
1888	1893
1888	1894
1889	3636
1889	3637
1889	3638
1890	3341
1890	3639
1890	3640
1890	3641
1890	3642
1890	3643
1890	3644
1890	3645
1890	3646
1890	3647
1890	3648
1890	3649
1890	3650
1890	3651
1890	3652
1890	3653
1890	3654
1890	3655
1890	3656
1890	3657
1890	3658
1890	3659
1890	3660
1890	3661
1890	3662
1890	3663
1890	3664
1890	3665
1890	3666
1890	3667
1890	3668
1891	2914
1891	3166
1891	3670
1891	3671
1891	3672
1893	3136
1896	1980
1896	2333
1896	3672
1896	3677
1896	3678
1896	3679
1910	2288
1910	2634
1910	2833
1910	3682
1917	1985
1917	2181
1917	2619
1917	3052
1917	3056
1917	3683
1917	3684
1920	1956
1920	2709
1920	3685
1920	3686
1920	3687
1922	2941
1922	3612
1922	3688
1922	3689
1922	3690
1922	3691
1922	3692
1923	1969
1923	2317
1923	3693
1923	3694
1923	3695
1924	2451
1924	2908
1924	3051
1924	3219
1924	3867
1926	1929
1926	2090
1926	2317
1926	2407
1926	3107
1926	3696
1926	3697
1926	3698
1926	3699
1929	2001
1929	2018
1930	2900
1930	3703
1930	3704
1930	3705
1930	3706
1930	3707
1932	2644
1932	3018
1932	3713
1932	3714
1941	2785
1941	3136
1941	3599
1941	3708
1941	3709
1941	3710
1941	3711
1941	3712
1942	2255
1942	2272
1942	2853
1942	2932
1942	3027
1942	3718
1942	3719
1942	3720
1942	3721
1943	2545
1943	3256
1943	3515
1943	3715
1943	3716
1943	3717
1945	2288
1945	3722
1945	3723
1945	3724
1946	2486
1946	2600
1946	3058
1946	3070
1946	3310
1946	3725
1947	2456
1947	3419
1947	3727
1947	3728
1947	3729
1947	3730
1947	3731
1947	3732
1950	2089
1950	2462
1950	2652
1950	2931
1951	3113
1958	2394
1958	2758
1958	3159
1958	3726
1968	2625
1968	3733
1968	3734
1968	3735
1968	3736
1969	2878
1969	3179
1969	3519
1969	3549
1969	3754
1969	3755
1969	3756
1969	3757
1971	2847
1971	3737
1971	3738
1971	3739
1971	3740
1971	3741
1972	2279
1972	3563
1972	3749
1972	3750
1972	3751
1972	3752
1972	3753
1973	2020
1973	2222
1973	2889
1973	3220
1973	3595
1973	3742
1973	3743
1974	2368
1974	3050
1974	3530
1974	3744
1974	3745
1974	3746
1974	3747
1974	3748
1981	2255
1981	2524
1981	3758
1981	3759
1981	3760
1981	3761
1981	3762
1981	3763
1982	2086
1984	2113
1984	2721
1984	3554
1987	2292
1987	2528
1987	2914
1987	3709
1987	5541
1987	5584
1987	5795
1987	5796
1987	5797
1988	3768
1989	2354
1989	5177
1992	2018
1992	2614
1992	3466
1992	3764
1994	2001
1994	2226
1994	2255
1994	2366
1994	2377
1994	2384
1994	2490
1994	2597
1994	3429
1994	3778
1994	3779
1994	3780
1994	3781
1994	3782
1994	3783
1994	3784
1995	3767
1996	2201
1996	2265
1996	2942
1996	3193
1996	3765
1996	3766
1998	3770
1999	3336
1999	3769
2001	2071
2001	2281
2001	3336
2001	3771
2001	3772
2003	3230
2003	3773
2003	3774
2003	3775
2003	3776
2003	3777
2007	3581
2007	3680
2007	3785
2007	3786
2007	3787
2007	3788
2007	3789
2014	2304
2014	3038
2014	3052
2014	3377
2014	3574
2014	3790
2014	3791
2014	3792
2014	3793
2017	2750
2017	2794
2017	3713
2017	3807
2017	3808
2017	3809
2017	3810
2017	3811
2022	2344
2023	2152
2023	2728
2023	3487
2023	3489
2023	3595
2023	3797
2023	3798
2024	3489
2024	3794
2024	3795
2024	3796
2037	2098
2039	3465
2039	4438
2039	5170
2039	5171
2039	5172
2039	5173
2039	5174
2039	5175
2043	2621
2043	3010
2043	3817
2043	3818
2043	3819
2043	3820
2043	3821
2048	2305
2048	2327
2048	2764
2048	2852
2048	3149
2048	3812
2048	3813
2049	2684
2049	2768
2049	2903
2049	3004
2049	3039
2049	3814
2049	3815
2049	3816
2050	2630
2050	3822
2050	3823
2050	3824
2050	3825
2053	2621
2053	3675
2053	3826
2053	3827
2055	2065
2055	3290
2055	3828
2055	3829
2055	3830
2055	3831
2055	3832
2055	3833
2060	3551
2068	2664
2068	3741
2068	3879
2069	2658
2069	3357
2069	3463
2069	3637
2069	3988
2069	3989
2069	3990
2070	2167
2070	2595
2070	2966
2070	3834
2070	3835
2070	3836
2070	3837
2075	2229
2075	2418
2075	3586
2075	3838
2079	2114
2079	3228
2079	3851
2079	3852
2079	3853
2079	3854
2080	2424
2080	2602
2080	2653
2080	3055
2080	3448
2080	3839
2080	3840
2080	3841
2086	2720
2086	2783
2086	3842
2086	3843
2086	3844
2086	3845
2087	2681
2087	3350
2087	3376
2087	3847
2087	3848
2087	3849
2087	3850
2088	2819
2088	2966
2088	3280
2088	3516
2088	3846
2091	2326
2091	2385
2091	2395
2091	3460
2091	3864
2091	3865
2091	3866
2092	3124
2092	3855
2092	3856
2092	3857
2092	3858
2093	2244
2093	3046
2093	3769
2093	3863
2094	2317
2094	2494
2094	2540
2094	2776
2094	3594
2094	3859
2094	3860
2094	3861
2095	3862
2102	2218
2102	2841
2102	3786
2102	3869
2102	3870
2102	3871
2102	3872
2102	3873
2112	2115
2112	2287
2112	2818
2112	2941
2112	3868
2114	2409
2114	2449
2114	2547
2114	3779
2115	2474
2115	2805
2115	3365
2115	3595
2115	3886
2115	3887
2116	2130
2116	3724
2116	3875
2116	3876
2116	3877
2116	3878
2133	2451
2133	2637
2133	3185
2133	3862
2133	3880
2133	3881
2133	3882
2134	2847
2134	3166
2134	3410
2134	3756
2134	3863
2134	3883
2134	3884
2134	3885
2136	3888
2143	2165
2143	2166
2143	2215
2143	2646
2143	3889
2143	3890
2145	3900
2145	3901
2145	3902
2145	3903
2145	3904
2145	3905
2148	2179
2148	3134
2148	3196
2148	3891
2148	3892
2148	3893
2148	3894
2148	3895
2153	2847
2153	3804
2153	3856
2153	3908
2153	3909
2153	3910
2153	3911
2153	3912
2153	3913
2156	2309
2156	2354
2156	3300
2156	3431
2156	5343
2156	5468
2156	5958
2156	5959
2156	5960
2158	3433
2158	3467
2158	3896
2158	3897
2158	3898
2158	3899
2164	2423
2164	2648
2164	2669
2164	2906
2164	3468
2164	3906
2171	3907
2172	2533
2172	2555
2172	3020
2172	3713
2173	2569
2181	2546
2181	2554
2181	2646
2181	2697
2181	3204
2181	3335
2184	3923
2184	3924
2184	3925
2184	3926
2184	3927
2193	3914
2193	3915
2195	2697
2195	2981
2195	3205
2195	3319
2195	3916
2195	3917
2195	3918
2199	2940
2199	3593
2199	3697
2199	3919
2199	3920
2199	3921
2199	3922
2201	2416
2201	2943
2201	2981
2201	3205
2201	3319
2201	3928
2205	3109
2205	4080
2205	5310
2205	5724
2205	6000
2205	6001
2221	2248
2221	2673
2221	3589
2221	3929
2223	2414
2223	3868
2223	3930
2225	2278
2225	2476
2225	2600
2225	2733
2225	3235
2225	3931
2225	3932
2226	2414
2226	2867
2226	3933
2228	2358
2228	2552
2228	3354
2228	3934
2228	3935
2228	3936
2228	3937
2231	2802
2231	3938
2231	3939
2231	3940
2231	3941
2231	3942
2237	2658
2237	2719
2237	2789
2237	3220
2237	3357
2241	2579
2241	3946
2241	3947
2241	3948
2244	2650
2244	2995
2244	3943
2244	3944
2244	3945
2245	4092
2248	2353
2248	3671
2248	4067
2248	5114
2248	5115
2248	5116
2248	5117
2253	2552
2253	3949
2253	3950
2260	2941
2260	3804
2260	4501
2260	4894
2260	5909
2260	6108
2260	6181
2262	2354
2262	2385
2262	2687
2262	2881
2262	3951
2267	3568
2267	4275
2267	4738
2267	4806
2267	6121
2267	6122
2269	2500
2269	3798
2269	3855
2269	3952
2269	3953
2269	3954
2269	3955
2269	3956
2269	3957
2275	2412
2275	2726
2275	3768
2275	3958
2275	3959
2275	3960
2275	3961
2278	2602
2278	2975
2278	3968
2278	3969
2278	3970
2279	3397
2279	3964
2279	3965
2279	3966
2279	3967
2281	2292
2281	2498
2281	3296
2281	3569
2281	3962
2281	3963
2284	4105
2285	2848
2285	3164
2285	3457
2285	3977
2285	3979
2285	3980
2285	3981
2286	3764
2288	3453
2288	3791
2288	3971
2288	3972
2288	3973
2288	3974
2288	3975
2288	3976
2288	3977
2288	3978
2292	2497
2292	3329
2292	3982
2292	3983
2292	3984
2293	2581
2293	3985
2293	3986
2295	2348
2295	2403
2295	2868
2295	3082
2295	3127
2295	3794
2296	3987
2299	2330
2299	2898
2299	2907
2299	2911
2299	3991
2299	3992
2299	3993
2299	3994
2300	3995
2300	3996
2300	3997
2309	2667
2309	3124
2309	3841
2309	4004
2309	4005
2309	4006
2309	4007
2314	2950
2314	3097
2314	4172
2314	4373
2314	5162
2314	5163
2314	5164
2314	5165
2315	2886
2315	3547
2315	4000
2315	4001
2315	4002
2315	4003
2318	2538
2318	3763
2318	3789
2318	4008
2318	4009
2318	4010
2318	4011
2318	4012
2318	4013
2322	2528
2322	4014
2322	4015
2322	4016
2322	4017
2322	4018
2322	4019
2322	4020
2324	3230
2324	3257
2324	3475
2324	3538
2324	3752
2325	3144
2325	3894
2325	3963
2325	4021
2325	4022
2325	4023
2325	4024
2325	4025
2325	4026
2326	3343
2326	4130
2329	3283
2329	3329
2329	3466
2329	4027
2329	4028
2329	4029
2331	5437
2332	2515
2332	2646
2332	2729
2332	2965
2332	4031
2332	4032
2332	4033
2333	2344
2333	3096
2333	3672
2333	3822
2333	4030
2336	2528
2336	2538
2336	2799
2336	2805
2336	3136
2336	4041
2337	2381
2337	2923
2337	3102
2337	3728
2338	2785
2338	3006
2338	3743
2338	5056
2338	5645
2343	2889
2343	3113
2343	3301
2343	3565
2343	3566
2345	3034
2345	3184
2345	3547
2345	4001
2345	4002
2345	4042
2345	4043
2345	4044
2347	2653
2347	4034
2351	2669
2351	2792
2351	3172
2351	3580
2351	3935
2351	4035
2352	2699
2352	3204
2352	3863
2352	4039
2352	4040
2356	4035
2356	4036
2356	4037
2356	4038
2358	2443
2358	4056
2358	4281
2358	4844
2358	6168
2358	6232
2360	3550
2360	3626
2360	4053
2360	4054
2360	4055
2360	4056
2361	2662
2361	2911
2361	3384
2361	4088
2362	2666
2362	4045
2362	4046
2362	4047
2362	4048
2362	4049
2364	4050
2364	4051
2364	4052
2375	3112
2375	3695
2375	4057
2375	4058
2375	4059
2375	4060
2375	4061
2375	4062
2376	2658
2376	2906
2376	3357
2376	4065
2377	2392
2377	2646
2377	2798
2377	3172
2377	4063
2377	4064
2381	4066
2381	4067
2381	4068
2384	2420
2384	2563
2384	4069
2384	4070
2384	4071
2388	2595
2388	2948
2388	3205
2388	4072
2388	4073
2388	4074
2391	3457
2391	3487
2391	4075
2391	4076
2391	4077
2391	4078
2391	4079
2392	2839
2392	3346
2392	4080
2392	4081
2396	3059
2396	4004
2396	4082
2396	4083
2396	4084
2398	2792
2398	3019
2398	3721
2398	3813
2398	4087
2399	2551
2399	3328
2399	3921
2399	4085
2399	4086
2407	2563
2411	2593
2411	3229
2411	4089
2411	4090
2411	4091
2420	3014
2420	3071
2420	3439
2420	3860
2420	4093
2420	4094
2424	2838
2424	2842
2425	2964
2425	3046
2425	4098
2425	4099
2425	4100
2425	4101
2428	4028
2428	4095
2428	4096
2428	4097
2440	4957
2440	5304
2440	5305
2444	2657
2444	2690
2444	3698
2444	3700
2444	4102
2444	4103
2444	4104
2451	3205
2451	3442
2451	3719
2451	3735
2451	4121
2451	4122
2451	4123
2452	3156
2452	3849
2452	4106
2452	4107
2452	4108
2459	3165
2459	3866
2459	4109
2460	2530
2460	2531
2460	2532
2460	3874
2460	4110
2460	4111
2461	2791
2461	2796
2461	4044
2461	4112
2461	4113
2463	2592
2463	2797
2463	2798
2463	3105
2463	3927
2463	4084
2463	4114
2463	4115
2464	2982
2464	4116
2464	4117
2464	4118
2464	4119
2471	2635
2471	4120
2474	5449
2474	5450
2485	2588
2485	2654
2485	3335
2485	4124
2485	4125
2485	4126
2486	4127
2486	4128
2489	2661
2492	3196
2492	3421
2492	3617
2492	4040
2494	3530
2494	4129
2498	2502
2498	3129
2498	3489
2498	4107
2498	4143
2498	4144
2498	4145
2498	4146
2498	4147
2500	3057
2500	3705
2500	4148
2500	4149
2500	4150
2500	4151
2503	2750
2503	2751
2503	3801
2503	3995
2503	4136
2504	2653
2504	3555
2504	3775
2504	4131
2504	4132
2504	4133
2504	4134
2504	4135
2505	3594
2505	4137
2506	2646
2506	2733
2506	3569
2506	3772
2506	3894
2506	4061
2506	4141
2506	4142
2510	3077
2510	4138
2510	4139
2510	4140
2523	3995
2523	4158
2523	4159
2524	2551
2524	2764
2524	3114
2524	3926
2524	5653
2524	5840
2529	3080
2529	3487
2529	3849
2529	4263
2529	4980
2529	5159
2529	5600
2530	2579
2530	2626
2530	3758
2530	4155
2530	4156
2530	4157
2532	2767
2532	3136
2532	3682
2532	3698
2532	4160
2544	3032
2544	4163
2544	4164
2544	4165
2546	4161
2546	4162
2554	2843
2554	3684
2554	3781
2554	4166
2554	4167
2554	4168
2554	4169
2559	4170
2559	4171
2562	3280
2562	3489
2562	3779
2562	4182
2562	4183
2562	4184
2569	2641
2569	2740
2569	3735
2569	4172
2575	2897
2575	4173
2575	4174
2576	3699
2576	4004
2576	4175
2576	4176
2577	3179
2577	4177
2577	4178
2577	4179
2578	3405
2578	3616
2578	3967
2578	4129
2578	4222
2578	4223
2578	4224
2581	3109
2581	4009
2581	4201
2581	4202
2581	4203
2581	4204
2589	4185
2590	4186
2591	3677
2591	4082
2591	4083
2591	4133
2591	4187
2591	4188
2591	4189
2593	4190
2593	4191
2593	4192
2593	4193
2596	3681
2596	3953
2596	4194
2596	4195
2596	4196
2596	4197
2596	4198
2597	2964
2597	3607
2597	3687
2597	3871
2599	3033
2599	3980
2599	4199
2599	4200
2604	4166
2607	4150
2607	4205
2607	4206
2607	4207
2607	4208
2607	4209
2612	2630
2612	3423
2612	3570
2612	3951
2612	4210
2612	4211
2614	3232
2614	3385
2614	3488
2614	3903
2614	4159
2614	4212
2614	4213
2614	4214
2614	4215
2614	4216
2614	4217
2614	4218
2615	2787
2615	3053
2615	3509
2615	4143
2615	4219
2615	4220
2615	4221
2617	2643
2617	2654
2617	3558
2617	4037
2622	3076
2622	3244
2622	3999
2622	4225
2622	4226
2626	4227
2629	3102
2629	4228
2634	2635
2634	3409
2634	3897
2634	4229
2635	3310
2635	4238
2635	4239
2638	2720
2638	2721
2638	3821
2638	4230
2638	4231
2638	4232
2638	4233
2639	3215
2639	3362
2639	4234
2639	4235
2642	4315
2646	3105
2646	3608
2646	3731
2646	4236
2646	4237
2653	2764
2653	2973
2653	3576
2653	4237
2653	4426
2653	5289
2653	5417
2653	5418
2654	2660
2654	3767
2654	3995
2654	4243
2654	4244
2657	2687
2657	2866
2657	3488
2657	3680
2657	3886
2657	4074
2657	4240
2657	4241
2657	4242
2659	2982
2659	3684
2659	4245
2659	4246
2662	4250
2663	2862
2663	3204
2663	3292
2663	4247
2663	4248
2663	4249
2666	4868
2666	5154
2666	5806
2666	5807
2666	5808
2678	2788
2678	2828
2678	3279
2678	4251
2678	4252
2678	4253
2678	4254
2678	4255
2679	4257
2680	2881
2680	3023
2680	3207
2680	3247
2680	4095
2680	4237
2680	4256
2681	2885
2681	3217
2681	3252
2681	3572
2681	3848
2682	4173
2683	3109
2683	3343
2683	3710
2683	3879
2683	3981
2683	4170
2690	2823
2690	4258
2690	4259
2690	4260
2690	4261
2693	2820
2693	4262
2693	4263
2693	4264
2693	4265
2694	3363
2698	3995
2698	4137
2698	4270
2698	4271
2702	3007
2702	3797
2702	3953
2702	4266
2702	4267
2702	4268
2702	4269
2709	2794
2709	3992
2709	4172
2709	4287
2709	4288
2709	4289
2710	2911
2710	2948
2710	3196
2710	4272
2710	4273
2715	2891
2715	3335
2715	4061
2716	3058
2716	3138
2716	4274
2716	4275
2716	4276
2716	4277
2718	3558
2718	3913
2718	4052
2718	4281
2718	4282
2718	4283
2719	3117
2719	4278
2719	4279
2719	4280
2721	3215
2721	3441
2721	3695
2721	4290
2723	2943
2723	3613
2723	4082
2723	4284
2723	4285
2723	4286
2732	3009
2732	4293
2732	4294
2732	4295
2735	2952
2735	3163
2735	3169
2735	3471
2735	4291
2735	4292
2743	2974
2743	3312
2743	4151
2743	4296
2743	4297
2748	3096
2748	3801
2748	3946
2748	4153
2748	4300
2748	4301
2748	4302
2757	3882
2757	4405
2757	4406
2761	3484
2761	3981
2761	4093
2761	4298
2761	4299
2767	4303
2773	2974
2773	4304
2773	4305
2777	3292
2777	5452
2777	6039
2777	6279
2778	3497
2794	3215
2794	3907
2794	4306
2798	3304
2798	3590
2798	4307
2798	4308
2798	4309
2803	2870
2803	2927
2803	3204
2803	3808
2803	4310
2804	3276
2804	3772
2804	4311
2807	4312
2807	4313
2807	4314
2808	4189
2808	4316
2808	4317
2821	4320
2823	2884
2823	3119
2823	4165
2823	4321
2823	4322
2823	4323
2823	4324
2826	2923
2826	4336
2826	5277
2826	5516
2826	5517
2828	2992
2828	3963
2828	4124
2828	4325
2829	4334
2831	3221
2831	3981
2831	4326
2831	4327
2831	4328
2831	4329
2835	3351
2835	4191
2835	4330
2835	4331
2835	4332
2835	4333
2847	3912
2847	4335
2847	4336
2852	2918
2852	3105
2852	3139
2852	3921
2852	4344
2852	4345
2852	4346
2852	4347
2852	4348
2852	4349
2852	4350
2852	4351
2852	4352
2852	4353
2852	4354
2852	4355
2859	3109
2859	4334
2859	4356
2862	3594
2862	4280
2862	4337
2862	4338
2862	4339
2862	4340
2866	3017
2866	3156
2866	3930
2866	4368
2868	2931
2868	2941
2868	3375
2868	3981
2868	4341
2870	4360
2870	4361
2870	4362
2870	4363
2870	4364
2871	3247
2871	3485
2871	3489
2871	3959
2871	4342
2871	4343
2875	3327
2875	3894
2875	4051
2875	4357
2875	4358
2875	4359
2883	3565
2883	4365
2883	4366
2883	4367
2887	3363
2887	4369
2887	4370
2887	4371
2888	3017
2888	4327
2888	4393
2888	4394
2888	4395
2888	4396
2890	3156
2890	3794
2890	4368
2890	4397
2890	4398
2892	4219
2892	4372
2892	4373
2892	4374
2892	4375
2892	4376
2897	4307
2897	4366
2897	4377
2897	4378
2897	4379
2897	4380
2898	3138
2898	4058
2898	4381
2898	4382
2898	4383
2900	3142
2900	3179
2900	3544
2900	4384
2900	4385
2900	4386
2903	3146
2903	4387
2903	4388
2904	4156
2904	4399
2904	4400
2904	4401
2906	2916
2906	3188
2906	4334
2906	4402
2906	4403
2906	4404
2907	3526
2907	4082
2907	4389
2907	4390
2907	4391
2907	4392
2921	3139
2921	3779
2921	4248
2921	4407
2921	4408
2927	3717
2927	4265
2927	5777
2927	5778
2927	5779
2927	5780
2936	3772
2936	4412
2936	4413
2936	4414
2938	4124
2939	2948
2939	3636
2939	4170
2939	4418
2939	4419
2939	4420
2942	4415
2942	4416
2942	4417
2944	4537
2944	4538
2946	4005
2946	4007
2946	4354
2946	4429
2946	4430
2946	4431
2946	4432
2948	3855
2948	4424
2948	4425
2948	4426
2948	4427
2948	4428
2949	3365
2949	4402
2949	4421
2950	4435
2952	2953
2952	3017
2952	3134
2952	3629
2952	4422
2952	4423
2958	4136
2961	3242
2961	3906
2961	4192
2961	4433
2961	4434
2962	3127
2962	3992
2962	4443
2974	3749
2974	4436
2974	4437
2988	3188
2988	3433
2988	3563
2988	3974
2988	4422
2991	3244
2991	3815
2991	4423
2991	4446
2991	4447
2991	4448
2992	2995
2992	3681
2992	4438
2992	4439
2992	4440
2992	4441
2992	4442
2997	3772
2997	4444
3003	3207
3003	4082
3003	4445
3004	3463
3004	4584
3009	4457
3010	3056
3010	4425
3010	4449
3010	4450
3010	4451
3010	4452
3011	3587
3011	4453
3011	4454
3011	4455
3011	4456
3014	3706
3014	4458
3016	3070
3016	3740
3016	4532
3016	5179
3016	5324
3016	5325
3016	5326
3023	4425
3023	4459
3024	3995
3024	4460
3024	4461
3024	4462
3024	4463
3025	3221
3025	3271
3025	3335
3025	4473
3025	4474
3027	4468
3027	4469
3027	4470
3033	3173
3033	3806
3033	3833
3033	3918
3033	4464
3033	4465
3034	3035
3034	3795
3034	4292
3034	4388
3034	4466
3034	4467
3037	3740
3037	4434
3037	4477
3037	4478
3037	4479
3037	4480
3038	3516
3038	3564
3038	3781
3038	4471
3038	4472
3039	4599
3041	3207
3041	3819
3041	3867
3041	4136
3041	4193
3041	4484
3041	4485
3045	3104
3045	4475
3045	4476
3046	3109
3046	4012
3046	4658
3046	5634
3056	3833
3056	4481
3056	4482
3056	4483
3060	3609
3060	3959
3060	4295
3061	4428
3061	4451
3061	4486
3061	4487
3061	4488
3063	3570
3063	4492
3066	4640
3066	4714
3066	5001
3066	5403
3066	5404
3066	5405
3067	3487
3067	3767
3067	4489
3067	4490
3067	4491
3074	4288
3074	4493
3078	4019
3078	4500
3080	3334
3080	3409
3080	3679
3080	3698
3080	3849
3080	4501
3080	4502
3081	4278
3081	4503
3081	4504
3086	3823
3086	4505
3086	4506
3086	4507
3086	4508
3086	4509
3087	4134
3087	4420
3087	4510
3087	4511
3087	4512
3087	4513
3087	4514
3092	3096
3092	3105
3092	3269
3092	3716
3092	4130
3092	4532
3095	3220
3095	4521
3095	4522
3095	4523
3095	4524
3095	4525
3095	4526
3095	4527
3095	4528
3095	4529
3095	4530
3095	4531
3096	4459
3096	4512
3096	4517
3096	4518
3096	4519
3096	4520
3098	3273
3098	4355
3098	4533
3098	4534
3100	3123
3100	3722
3100	3788
3100	4171
3100	4544
3102	3916
3102	4017
3102	4257
3102	4478
3102	4535
3102	4536
3115	3699
3115	4539
3115	4540
3115	4541
3117	4545
3120	3826
3120	3942
3120	4542
3120	4543
3127	3185
3127	4573
3127	4640
3127	4641
3129	3634
3129	3962
3129	4548
3135	3343
3135	3463
3135	4419
3135	4551
3135	4552
3137	3146
3137	3849
3137	4455
3137	4546
3137	4547
3138	4487
3140	3364
3140	3687
3140	4159
3140	4437
3140	5629
3140	5931
3140	6071
3147	4270
3147	4653
3148	3301
3149	4380
3149	4549
3149	4550
3152	4116
3152	4316
3152	4442
3152	4553
3152	4554
3152	4555
3156	3489
3156	4344
3156	4563
3156	4564
3156	4565
3160	4510
3160	4556
3160	4557
3160	4558
3160	4559
3160	4560
3160	4561
3160	4562
3163	3617
3163	4291
3163	4566
3163	4567
3163	4568
3171	3995
3171	4017
3171	4120
3171	4206
3171	4402
3171	4569
3171	4570
3174	4571
3178	3325
3178	3457
3178	4419
3178	4572
3178	4573
3178	4574
3178	4575
3178	4576
3179	3769
3179	4075
3190	4577
3190	4578
3190	4579
3191	3339
3191	4580
3191	4581
3194	4587
3197	3619
3197	3808
3197	4582
3197	4583
3200	3516
3200	4289
3200	4478
3200	4585
3200	4586
3202	3488
3202	3708
3202	3796
3202	3818
3202	4165
3202	4322
3202	4590
3206	3403
3206	3489
3206	4588
3206	4589
3207	3209
3207	3995
3207	4591
3208	4005
3208	4508
3208	4592
3208	4593
3210	3221
3210	4594
3210	4595
3210	4596
3210	4597
3210	4598
3220	4600
3220	4601
3220	4602
3222	4603
3222	4604
3222	4605
3222	4606
3222	4607
3222	4608
3223	3720
3223	4609
3223	4610
3225	3438
3225	3679
3225	3748
3225	4611
3225	4612
3225	4613
3228	3908
3228	4614
3228	4615
3228	4616
3232	3460
3232	3994
3232	4010
3232	4617
3232	4618
3232	4619
3234	4709
3235	4620
3235	4621
3235	4622
3244	4626
3244	4627
3244	4628
3246	3956
3246	4608
3246	4629
3246	4630
3246	4631
3246	4632
3247	4625
3256	3358
3256	3467
3256	4139
3256	4636
3256	4637
3257	3605
3257	4380
3259	3815
3259	4282
3259	4633
3259	4634
3259	4635
3260	3601
3266	4638
3266	4639
3270	4150
3270	4365
3270	4642
3270	4643
3273	3981
3273	4645
3273	4646
3273	4647
3274	4644
3281	3326
3281	4581
3281	4641
3281	4648
3281	4649
3281	4650
3281	4651
3281	4652
3284	3408
3284	4288
3284	4654
3284	4655
3284	4656
3285	5638
3285	6036
3285	6037
3285	6038
3295	3586
3295	4288
3295	4663
3296	3714
3296	4204
3296	4657
3296	4658
3296	4659
3296	4660
3296	4661
3305	3486
3305	3524
3305	3537
3305	4469
3305	4662
3309	3460
3309	3786
3309	3822
3310	4664
3310	4665
3310	4666
3310	4667
3310	4668
3312	3997
3312	4669
3312	4670
3315	3849
3315	4375
3315	4559
3315	4671
3315	4672
3317	4678
3321	4014
3321	4675
3326	3478
3326	3499
3326	4430
3326	4583
3326	4673
3326	4674
3327	3994
3327	4368
3333	3951
3333	4249
3333	4676
3333	4677
3337	3617
3337	4286
3337	4679
3337	4680
3337	4681
3338	3808
3338	4281
3338	4356
3338	4412
3338	4682
3341	3421
3341	3852
3341	4043
3341	4685
3341	4686
3341	4687
3344	3894
3344	4688
3344	4689
3346	3966
3346	4281
3346	4464
3346	4683
3346	4684
3350	3363
3350	4657
3350	4690
3350	4691
3350	4692
3355	4693
3355	4694
3355	4695
3355	4696
3358	3606
3358	4533
3358	4697
3358	4698
3358	4699
3363	4221
3363	4700
3363	4701
3363	4702
3363	4703
3363	4704
3364	4705
3364	4706
3369	4093
3369	4120
3369	4298
3369	4714
3369	4715
3371	4707
3371	4708
3373	4250
3373	4710
3373	4711
3373	4712
3373	4713
3374	3755
3374	4210
3380	4716
3380	4717
3380	4718
3382	3617
3382	4665
3382	4719
3382	4720
3382	4721
3383	4625
3383	4722
3383	4723
3383	4724
3390	3727
3390	4725
3390	4726
3393	3463
3393	4731
3393	4732
3394	3660
3394	4603
3394	4727
3394	4728
3394	4729
3394	4730
3396	4402
3396	4689
3396	4733
3396	4734
3397	4304
3398	3788
3398	3822
3398	4743
3398	4744
3398	4745
3405	4223
3405	4735
3405	4736
3405	4737
3405	4738
3406	3991
3406	4739
3406	4740
3407	4206
3407	4264
3407	4741
3407	4742
3408	3717
3408	4237
3408	4519
3408	4752
3408	4753
3409	3439
3409	3849
3409	4369
3409	4754
3411	4750
3411	4751
3412	3760
3412	4002
3412	4402
3412	4746
3412	4747
3412	4748
3412	4749
3428	4373
3428	4675
3428	4755
3428	4756
3428	4757
3429	4020
3430	4758
3431	4824
3433	3497
3433	4461
3433	4472
3441	3654
3441	4838
3441	4839
3441	4840
3441	4841
3441	4842
3441	4843
3451	4541
3451	4759
3451	4760
3462	4393
3462	4395
3462	4761
3462	4762
3462	4763
3462	4764
3462	4765
3462	4766
3463	4767
3463	4768
3465	4551
3465	4769
3468	3968
3468	4206
3468	4239
3468	4355
3468	4770
3468	4771
3468	4772
3469	4773
3469	4774
3470	4155
3470	4775
3470	4776
3470	4777
3471	4854
3475	3717
3475	4778
3475	4779
3479	3634
3479	3781
3479	4405
3479	4780
3480	4170
3480	4628
3480	4663
3490	4781
3495	3995
3496	3768
3496	4655
3500	4185
3500	4626
3500	4782
3500	4783
3500	4784
3500	4785
3500	4786
3500	4787
3503	3596
3503	4097
3503	4445
3503	4606
3503	4788
3507	4679
3507	4789
3507	4790
3514	3574
3514	4600
3514	4791
3514	4792
3519	4872
3519	4883
3521	4096
3521	4794
3521	4795
3521	4796
3522	4096
3522	4360
3522	4362
3522	4487
3522	4516
3522	4793
3524	3583
3524	4802
3528	4726
3528	4797
3528	4798
3528	4799
3528	4800
3528	4801
3531	3619
3531	3671
3531	3674
3531	3868
3531	4033
3536	3795
3536	3918
3536	4804
3536	4805
3536	4806
3536	4807
3539	4199
3539	4281
3539	4727
3539	4808
3539	4809
3539	4810
3542	4625
3542	4788
3542	4793
3542	4811
3542	4812
3542	4813
3542	4814
3550	4280
3550	4815
3555	4148
3555	4350
3555	4362
3555	4675
3555	4818
3555	4819
3555	4820
3557	4371
3557	4816
3557	4817
3558	3737
3558	3856
3558	4686
3558	4827
3560	4450
3560	4821
3560	4822
3564	4158
3564	4339
3564	4718
3564	4823
3566	3928
3566	4104
3566	4655
3566	4751
3566	4825
3566	4826
3568	3614
3568	4802
3568	4836
3568	4837
3571	4831
3571	4832
3571	4833
3573	3602
3573	4382
3573	4445
3573	4834
3573	4835
3579	4172
3579	4586
3579	4679
3579	4794
3581	3750
3587	4141
3587	4170
3587	4455
3587	4784
3587	4844
3588	4813
3590	4845
3594	4846
3594	4847
3594	4848
3594	4849
3594	4850
3594	4851
3599	3682
3599	4852
3599	4853
3607	4866
3612	4855
3613	3904
3613	4553
3613	4856
3613	4857
3615	4145
3615	4864
3615	4865
3616	3934
3616	4858
3616	4859
3616	4860
3616	4861
3616	4862
3616	4863
3621	4159
3626	4412
3627	3699
3627	4867
3627	4868
3627	4869
3634	3677
3634	4371
3634	4641
3634	4870
3634	4871
3635	3860
3635	4136
3635	4872
3635	4873
3635	4874
3635	4875
3635	4876
3654	4009
3654	4124
3654	4584
3654	4877
3654	4878
3658	4879
3658	4880
3660	4170
3660	4772
3660	4881
3670	3699
3670	3922
3670	4540
3670	4870
3670	4882
3676	4295
3690	3868
3690	4200
3690	4884
3690	4885
3690	4886
3690	4887
3699	3822
3699	4180
3699	4888
3699	4889
3699	4890
3700	4017
3700	4899
3703	3767
3703	3778
3703	4813
3703	4893
3705	4891
3705	4892
3710	4959
3715	4002
3715	4476
3715	4839
3715	4894
3715	4895
3715	4896
3715	4897
3715	4898
3716	3890
3716	4655
3716	4900
3716	4901
3716	4902
3716	4903
3719	3740
3719	4884
3719	4904
3719	4905
3726	4913
3726	4914
3728	4908
3728	4909
3732	5688
3732	5796
3732	5823
3732	6138
3733	4910
3733	4911
3733	4912
3738	4788
3738	4915
3738	4916
3742	4285
3742	4408
3742	4411
3747	3993
3747	4641
3747	4877
3747	4917
3765	4586
3765	4796
3765	4918
3765	4919
3767	4846
3767	4920
3767	4921
3771	4301
3771	4840
3771	4926
3771	4927
3771	4928
3776	4266
3776	4587
3776	4664
3776	4922
3781	3850
3781	4031
3781	4923
3781	4924
3781	4925
3790	4160
3790	4581
3791	4419
3791	4526
3791	4894
3791	4928
3791	4929
3796	4930
3797	5089
3797	5891
3797	5892
3797	5893
3797	5894
3798	4209
3798	4534
3798	4931
3801	4131
3805	4508
3805	5001
3805	5848
3805	5849
3805	5850
3805	5851
3805	5852
3805	5853
3810	3822
3810	4213
3810	4932
3810	4933
3813	4789
3813	4895
3813	4934
3813	4935
3815	4207
3815	4733
3818	4103
3818	4936
3818	4937
3818	4938
3819	3916
3819	4484
3819	4520
3822	4623
3822	4746
3822	4939
3823	3829
3823	4940
3823	4941
3823	4942
3823	4943
3831	4072
3831	4363
3831	4655
3831	4946
3831	4947
3833	4037
3833	4948
3833	4949
3833	4950
3833	4951
3833	4952
3838	4132
3838	4954
3838	4955
3838	4956
3838	4957
3839	4063
3844	4958
3846	4241
3846	4625
3846	4893
3846	5155
3846	5229
3846	5267
3846	5937
3846	5938
3846	5939
3858	4439
3858	4441
3858	4828
3858	4877
3859	4285
3859	4297
3859	4960
3859	4961
3859	4962
3863	4333
3863	4395
3863	5229
3863	5264
3863	5337
3865	4173
3865	4904
3865	4963
3865	4964
3865	4965
3865	4966
3865	4967
3866	3960
3866	4302
3866	4968
3866	4969
3867	4828
3867	4971
3867	4972
3881	4841
3881	4975
3881	4976
3886	4126
3886	4977
3886	4978
3887	4373
3887	4984
3887	4985
3887	4986
3887	4987
3897	3981
3897	4059
3897	4371
3900	4752
3900	4916
3900	4988
3900	4989
3900	4990
3903	4847
3903	4981
3903	4982
3903	4983
3904	4091
3904	4718
3904	4998
3904	4999
3904	5000
3904	5001
3912	4735
3912	4894
3912	4991
3912	4992
3912	4993
3912	4994
3913	4995
3919	4756
3919	4996
3920	4412
3920	4597
3920	4716
3920	4997
3921	4889
3922	3963
3922	4022
3926	4413
3926	4534
3926	5002
3926	5003
3930	4461
3930	5004
3930	5005
3930	5006
3930	5007
3931	5051
3933	3995
3933	4361
3933	4720
3933	5008
3934	4629
3934	4950
3934	5088
3934	5414
3934	5889
3934	5890
3943	4613
3943	5010
3943	5011
3943	5012
3952	4706
3956	5016
3956	5017
3962	3981
3962	4434
3962	4693
3962	5018
3963	4022
3963	4890
3966	4371
3966	4694
3966	4801
3966	5021
3967	4330
3967	5019
3967	5020
3981	4793
3981	5496
3981	6241
3981	6242
3982	4658
3982	5022
3985	3988
3985	4241
3985	4565
3985	5023
3986	4087
3986	4734
3986	5026
3986	5027
3988	4838
3988	5024
3988	5025
3989	4103
3989	4677
3989	5028
3991	4242
3991	4503
3991	4587
3991	5036
3991	5037
3997	4189
3997	4854
3998	4704
3998	5039
3998	5040
3998	5041
4000	4658
4000	4961
4000	5038
4004	5029
4004	5030
4004	5031
4004	5032
4004	5033
4004	5034
4004	5035
4005	5048
4005	5049
4005	5050
4008	4723
4008	5042
4008	5043
4008	5044
4010	4533
4010	4904
4010	5045
4010	5046
4010	5047
4012	4655
4012	4847
4026	5124
4026	5125
4033	4876
4033	4915
4036	4248
4036	4978
4041	4412
4041	5052
4043	4432
4043	4675
4043	5054
4043	5055
4057	5066
4057	5067
4057	5068
4057	5069
4058	5056
4058	5057
4060	4172
4060	4492
4060	4919
4062	4871
4062	4880
4062	5058
4062	5059
4068	4885
4068	4904
4068	4953
4068	5060
4068	5061
4068	5062
4070	5059
4070	5063
4070	5064
4070	5065
4072	4854
4073	4262
4073	5072
4073	5073
4078	4328
4078	4467
4078	5070
4078	5071
4081	4402
4081	5076
4083	4317
4093	4502
4093	5049
4093	5074
4093	5075
4095	4164
4095	4230
4095	4695
4095	5077
4098	4118
4098	4871
4106	5081
4107	4122
4107	5078
4107	5079
4107	5080
4109	4183
4109	5082
4117	5086
4121	4348
4121	5083
4121	5084
4121	5085
4124	4687
4124	5087
4124	5088
4124	5089
4137	4345
4137	4362
4137	4739
4139	4307
4139	4328
4139	4382
4139	4841
4139	4993
4140	4210
4140	5090
4144	4214
4144	4307
4144	4955
4144	5097
4144	5098
4146	4397
4146	5103
4149	5105
4151	5091
4152	4197
4152	4275
4152	4438
4152	4472
4152	5092
4154	4202
4154	4628
4154	5093
4154	5094
4154	5095
4157	5096
4158	4739
4158	4783
4158	5099
4158	5100
4158	5101
4158	5102
4159	4270
4159	5361
4159	5788
4167	5104
4175	5209
4176	5494
4176	5814
4176	5815
4180	5126
4180	5127
4180	5128
4183	4321
4183	5109
4183	5110
4183	5111
4183	5112
4183	5113
4189	5118
4189	5119
4189	5120
4191	4293
4191	4617
4191	5121
4193	4332
4194	4589
4196	4638
4196	5122
4198	4960
4198	5123
4203	4277
4203	4917
4203	5129
4203	5130
4204	4248
4204	5047
4204	5131
4204	5132
4206	5146
4206	5147
4206	5148
4207	4231
4208	5022
4208	5133
4208	5134
4208	5135
4208	5136
4213	4293
4213	4894
4213	5140
4215	4583
4215	5149
4216	5141
4216	5142
4217	4711
4217	4712
4217	4861
4217	5143
4217	5144
4217	5145
4228	5150
4230	5000
4230	5151
4230	5152
4230	5153
4232	5053
4235	5154
4236	5105
4236	5155
4236	5156
4242	4603
4242	5161
4244	4628
4244	4966
4244	5157
4244	5158
4246	5159
4246	5160
4252	4301
4252	4961
4252	4976
4253	5169
4255	4578
4255	5166
4255	5167
4255	5168
4263	4876
4263	4980
4269	4797
4274	4813
4274	5178
4277	5179
4277	5180
4280	4584
4280	5181
4282	4339
4282	4414
4282	4502
4282	5182
4285	5183
4285	5184
4285	5185
4285	5186
4285	5187
4285	5188
4285	5189
4285	5190
4285	5191
4291	5017
4292	5192
4293	4636
4293	5193
4293	5194
4293	5195
4293	5196
4293	5197
4293	5198
4295	4533
4298	4371
4298	4487
4298	4770
4298	5200
4298	5201
4300	5202
4300	5203
4300	5204
4304	5157
4308	4485
4308	5205
4312	5206
4312	5207
4312	5208
4319	5210
4319	5211
4319	5212
4319	5213
4324	4721
4324	5214
4324	5215
4324	5216
4332	5217
4332	5218
4332	5219
4334	4397
4334	4684
4334	4814
4334	5116
4334	5220
4334	5221
4336	4491
4337	4895
4337	5222
4338	4929
4338	5225
4340	5141
4340	5223
4340	5224
4343	4731
4343	5200
4343	5231
4344	4766
4344	4973
4344	5226
4344	5227
4344	5228
4344	5229
4344	5230
4355	5185
4355	5186
4355	5240
4355	5241
4356	4940
4356	5323
4359	4589
4359	5004
4360	4828
4360	5232
4360	5233
4360	5234
4362	5242
4362	5243
4362	5244
4362	5245
4369	5186
4369	5252
4369	5253
4369	5254
4369	5255
4369	5256
4369	5257
4369	5258
4369	5259
4378	4854
4378	5251
4381	4788
4381	4934
4381	5246
4388	5247
4389	5248
4389	5249
4390	4723
4390	5250
4400	4867
4400	5260
4400	5261
4400	5262
4402	5220
4402	5345
4403	5263
4403	5264
4407	5265
4407	5266
4407	5267
4407	5268
4416	4719
4416	5269
4417	4950
4417	5175
4420	5270
4420	5271
4421	5266
4421	5272
4423	4801
4423	5282
4424	4885
4424	5279
4424	5280
4424	5281
4424	5282
4424	5283
4431	5276
4432	5277
4432	5278
4434	4757
4434	4980
4434	5273
4434	5274
4438	4873
4438	5275
4441	5287
4442	5291
4443	5284
4444	4551
4444	5182
4444	5285
4444	5286
4446	4733
4447	4462
4447	4921
4447	5288
4447	5289
4447	5290
4449	5292
4449	5293
4449	5294
4449	5295
4449	5296
4452	5297
4458	5118
4458	5298
4458	5299
4458	5300
4458	5301
4459	4507
4459	5017
4459	5116
4459	5150
4459	5302
4459	5303
4463	5100
4463	5306
4463	5307
4467	5037
4469	5308
4469	5309
4469	5310
4478	5313
4478	5314
4478	5315
4478	5316
4479	5317
4479	5318
4479	5319
4489	5392
4490	5320
4492	5321
4492	5322
4500	4799
4500	4841
4500	5187
4500	5283
4500	5315
4500	5327
4502	5331
4502	5332
4506	5316
4510	4958
4510	5328
4510	5329
4510	5330
4513	5191
4513	5336
4513	5337
4516	5333
4516	5334
4516	5335
4533	5338
4533	5339
4536	5081
4536	5340
4536	5341
4539	4553
4539	5068
4539	5085
4539	5572
4539	5868
4539	5884
4541	4735
4541	5344
4551	4970
4551	5348
4551	5349
4557	5162
4557	5300
4557	5346
4557	5347
4566	4776
4566	5277
4566	5353
4567	5350
4567	5351
4567	5352
4568	5354
4568	5355
4568	5356
4568	5357
4568	5358
4569	4821
4569	4844
4569	5359
4569	5360
4569	5361
4572	5376
4574	4960
4574	5362
4574	5363
4574	5364
4577	5128
4577	5365
4583	4793
4583	5281
4583	5285
4583	5382
4583	5383
4585	4784
4585	4839
4585	5366
4587	4880
4587	5367
4587	5368
4592	5380
4593	5369
4596	5308
4596	5370
4596	5371
4596	5372
4596	5373
4596	5374
4596	5375
4603	5381
4606	5377
4606	5378
4606	5379
4617	4783
4617	5175
4617	5211
4617	5386
4617	5387
4617	5388
4617	5389
4617	5390
4619	4812
4628	4889
4628	5384
4628	5385
4629	5328
4629	5391
4631	5393
4631	5394
4631	5395
4633	4646
4633	5397
4633	5398
4635	5396
4638	5357
4638	5399
4638	5400
4638	5401
4638	5402
4639	5406
4643	5342
4643	5343
4650	5407
4650	5408
4650	5409
4650	5410
4654	4655
4654	5852
4654	5954
4654	5955
4662	4770
4662	4848
4662	5392
4662	5411
4664	5434
4664	5435
4664	5436
4665	5159
4665	5412
4666	4988
4666	5413
4667	5101
4667	5373
4669	5414
4669	5415
4669	5416
4674	5283
4684	4735
4684	5343
4684	5419
4684	5420
4686	4915
4686	5300
4686	5421
4686	5422
4689	5423
4689	5424
4692	5425
4693	5426
4693	5427
4694	5430
4694	5431
4694	5432
4694	5433
4695	5189
4695	5428
4695	5429
4720	4871
4720	4951
4720	5438
4721	5159
4721	5439
4721	5440
4721	5441
4723	4844
4723	5241
4723	5428
4723	5442
4724	5155
4724	5443
4724	5444
4724	5445
4724	5446
4725	5456
4726	5261
4729	4986
4730	4944
4730	5231
4730	5453
4731	4770
4731	5155
4733	4876
4733	5447
4733	5448
4735	5473
4735	5474
4735	5475
4738	5016
4738	5303
4738	5451
4738	5452
4739	5454
4739	5455
4740	5457
4740	5458
4741	5459
4741	5460
4745	4769
4745	5461
4746	4811
4746	5369
4746	5462
4746	5463
4748	5102
4748	5464
4748	5465
4748	5466
4754	4914
4754	5467
4758	5451
4758	5468
4766	5348
4766	5469
4766	5470
4768	5477
4769	5085
4769	5140
4769	5471
4769	5472
4778	5485
4778	5486
4781	5478
4781	5479
4781	5480
4781	5481
4781	5482
4781	5483
4781	5484
4782	5487
4782	5488
4782	5489
4784	5492
4788	5115
4788	5304
4788	5493
4788	5494
4790	5050
4790	5495
4790	5496
4792	5327
4793	5497
4798	5499
4798	5500
4799	4876
4799	4883
4799	5463
4799	5498
4800	4942
4800	5503
4800	5504
4800	5505
4803	4882
4803	5043
4803	5507
4803	5508
4805	5506
4806	5451
4813	5510
4815	5509
4822	5511
4822	5512
4825	4915
4825	5513
4825	5514
4825	5515
4826	5300
4826	5523
4826	5524
4833	5521
4833	5522
4837	5525
4846	5881
4847	5526
4852	5110
4852	5527
4852	5528
4852	5529
4856	5393
4856	5531
4856	5532
4857	5530
4864	5533
4864	5534
4864	5535
4864	5536
4867	5283
4867	5543
4867	5544
4875	5333
4880	5295
4880	5545
4880	5546
4880	5547
4880	5548
4880	5549
4881	5672
4890	5553
4891	5106
4891	5550
4891	5551
4891	5552
4892	5554
4892	5555
4896	5080
4896	5568
4896	5569
4902	4903
4902	5556
4902	5557
4902	5558
4903	5056
4903	5559
4903	5560
4903	5561
4903	5562
4908	5314
4908	5563
4908	5564
4908	5565
4914	5566
4914	5567
4918	5577
4923	5428
4932	5572
4932	5573
4932	5574
4932	5575
4932	5576
4935	5388
4935	5448
4935	5585
4935	5586
4937	5349
4937	5578
4940	5579
4940	5580
4944	5581
4944	5582
4948	5583
4967	5074
4967	5507
4967	5587
4973	5310
4973	5463
4973	5521
4986	5588
4986	5589
4995	5291
4995	5590
5003	5220
5003	5507
5003	5591
5003	5592
5003	5593
5007	5594
5007	5595
5007	5596
5007	5597
5007	5598
5008	5599
5016	5178
5016	5601
5021	5604
5026	5602
5026	5603
5028	5353
5028	5605
5029	5617
5035	5606
5035	5607
5035	5608
5035	5609
5035	5610
5037	5611
5040	5437
5040	5612
5040	5613
5045	5056
5045	5080
5045	5096
5045	5425
5045	5614
5045	5615
5045	5616
5048	5566
5052	5618
5058	5196
5058	5452
5063	5083
5063	5301
5063	5475
5063	5619
5065	5621
5065	5622
5066	5159
5066	5620
5067	5434
5067	5631
5067	5632
5067	5633
5069	5623
5073	5624
5073	5625
5074	5546
5075	5626
5075	5627
5077	5634
5078	5630
5082	5373
5096	5635
5096	5636
5102	5475
5102	5637
5102	5638
5104	5277
5106	5244
5106	5639
5106	5640
5110	5642
5110	5643
5113	5291
5113	5641
5129	5293
5129	5644
5131	5645
5131	5646
5135	5647
5135	5648
5135	5649
5135	5650
5135	5651
5135	5652
5147	5301
5147	5653
5147	5654
5147	5655
5149	5656
5149	5657
5151	5510
5151	5658
5151	5659
5152	5199
5152	5581
5154	5463
5154	5670
5163	5272
5163	5671
5165	5407
5167	5672
5167	5673
5167	5674
5168	5678
5168	5679
5168	5680
5171	5642
5171	5675
5171	5676
5171	5677
5175	5633
5175	5638
5177	5681
5177	5682
5177	5683
5177	5684
5177	5685
5177	5686
5177	5687
5183	5494
5183	5688
5187	5689
5187	5690
5191	5508
5191	5691
5191	5692
5191	5693
5191	5694
5195	5434
5195	5604
5195	5700
5195	5701
5196	5695
5196	5696
5196	5697
5197	5441
5197	5475
5197	5698
5197	5699
5200	5710
5200	5711
5200	5712
5200	5713
5202	5321
5202	5629
5202	5702
5206	5704
5207	5499
5207	5708
5207	5709
5211	5703
5213	5501
5213	5705
5213	5706
5213	5707
5214	5235
5214	5714
5220	5715
5220	5716
5220	5717
5220	5718
5221	5719
5224	5720
5227	5427
5227	5721
5227	5722
5227	5723
5227	5724
5238	5726
5238	5727
5238	5728
5238	5729
5241	5725
5250	5733
5251	5368
5251	5738
5251	5739
5251	5740
5251	5741
5251	5742
5251	5743
5251	5744
5251	5745
5251	5746
5254	5474
5254	5594
5254	5731
5254	5732
5255	5636
5255	5730
5257	5734
5270	5482
5272	5735
5272	5736
5272	5737
5273	5757
5276	5321
5276	5747
5276	5748
5277	5758
5279	5749
5285	5296
5285	5748
5285	5750
5285	5751
5285	5752
5285	5753
5285	5754
5285	5755
5285	5756
5291	5660
5291	5661
5291	5662
5291	5663
5291	5664
5291	5665
5291	5666
5291	5667
5291	5668
5291	5669
5292	5766
5294	5759
5294	5760
5294	5761
5294	5762
5296	5398
5296	5504
5296	5763
5296	5764
5296	5765
5304	5510
5304	5657
5306	5369
5306	5747
5306	5767
5306	5768
5315	5578
5315	5769
5315	5770
5315	5771
5315	5772
5318	5773
5318	5774
5321	5510
5321	5775
5321	5776
5326	5339
5326	5352
5332	5731
5343	5781
5343	5782
5347	5348
5347	5462
5347	5542
5347	5616
5347	5632
5347	5783
5347	5784
5352	5767
5357	5474
5357	5816
5361	5789
5361	5790
5361	5791
5361	5792
5361	5793
5361	5794
5366	5798
5373	5633
5373	5799
5378	5432
5378	5612
5378	5800
5385	5636
5385	5729
5385	5801
5385	5802
5404	5749
5404	5763
5404	5764
5404	5805
5406	5510
5406	5803
5406	5804
5410	5809
5410	5810
5410	5811
5413	5542
5413	5820
5413	5821
5413	5822
5417	5812
5417	5813
5423	5442
5423	5685
5425	5616
5429	5827
5429	5828
5432	5734
5432	5817
5440	5818
5440	5819
5443	5823
5443	5824
5443	5825
5443	5826
5457	5554
5457	5829
5457	5830
5459	5831
5459	5832
5459	5833
5459	5834
5464	5823
5464	5835
5472	5839
5479	5882
5486	5836
5486	5837
5486	5838
5487	5858
5492	5767
5492	5841
5492	5842
5492	5843
5492	5844
5495	5847
5497	5845
5497	5846
5499	5828
5504	5703
5504	5792
5504	5854
5504	5855
5508	5856
5508	5857
5509	5859
5509	5860
5509	5861
5509	5862
5528	5863
5528	5864
5528	5865
5529	5866
5529	5867
5531	5902
5531	5903
5535	5811
5535	5835
5537	5538
5537	5539
5537	5540
5537	5541
5537	5542
5538	5868
5538	5869
5538	5870
5545	6292
5545	6293
5545	6294
5545	6295
5548	5634
5548	5871
5548	5872
5552	5873
5565	5874
5565	5875
5565	5876
5565	5877
5565	5878
5572	5879
5572	5880
5572	5881
5578	5580
5578	5883
5585	5887
5585	5888
5590	5885
5597	5886
5603	5895
5608	5897
5608	5898
5608	5899
5613	5704
5613	5784
5613	5887
5613	5896
5615	5900
5615	5901
5618	5904
5618	5905
5623	5906
5623	5907
5623	5908
5625	5912
5625	5913
5626	5837
5626	5909
5626	5910
5626	5911
5629	5775
5630	5914
5630	5915
5643	5918
5644	5916
5644	5917
5645	5923
5645	5924
5645	5925
5645	5926
5650	5921
5651	5887
5651	5919
5651	5920
5653	5927
5653	5928
5653	5929
5657	5922
5670	5887
5670	5930
5670	5931
5670	5932
5675	5729
5675	5933
5675	5934
5677	5935
5680	5936
5682	5837
5695	5975
5708	5943
5716	5944
5716	5945
5716	5946
5720	5890
5727	5844
5727	5947
5727	5948
5727	5949
5727	5950
5727	5951
5729	5756
5729	5952
5729	5953
5735	5956
5735	5957
5742	5961
5750	5962
5750	5963
5753	5966
5753	5967
5754	5920
5754	5964
5754	5965
5759	5931
5759	5968
5759	5969
5761	5826
5761	5970
5763	5971
5763	5972
5775	5850
5775	5879
5775	6008
5775	6009
5775	6010
5775	6011
5783	5823
5783	5976
5783	5977
5783	5978
5783	5979
5788	5980
5788	5981
5788	5982
5793	5837
5793	5983
5793	5984
5793	5985
5794	5986
5794	5987
5794	5988
5794	5989
5794	5990
5794	5991
5804	5988
5804	5992
5804	5993
5804	5994
5804	5995
5804	5996
5807	5992
5807	5997
5807	5998
5807	5999
5820	6002
5820	6003
5820	6004
5820	6005
5821	5837
5821	6006
5821	6007
5824	5958
5824	5974
5827	6059
5827	6060
5830	6023
5830	6024
5830	6025
5831	5872
5831	5931
5831	5932
5831	6012
5831	6013
5831	6014
5831	6015
5831	6016
5831	6017
5831	6018
5831	6019
5831	6020
5831	6021
5831	6022
5831	6023
5847	6026
5847	6027
5847	6028
5847	6029
5847	6030
5854	5976
5854	5977
5854	5979
5854	6031
5854	6032
5855	6033
5855	6034
5855	6035
5881	6039
5884	6040
5886	5941
5886	6023
5886	6041
5887	6042
5887	6043
5887	6044
5887	6045
5887	6046
5887	6047
5887	6048
5892	6049
5897	6050
5897	6051
5897	6052
5897	6053
5899	6056
5899	6057
5899	6058
5901	6054
5901	6055
5907	6063
5907	6064
5907	6065
5915	6066
5915	6067
5921	6068
5921	6069
5924	6071
5925	6070
5931	5999
5939	6072
5941	5978
5941	6073
5941	6074
5941	6075
5944	6001
5944	6005
5944	6076
5944	6077
5951	6078
5951	6079
5952	6080
5956	6081
5956	6082
5956	6083
5957	6084
5957	6085
5957	6086
5961	6108
5965	5989
5965	6088
5965	6089
5970	6090
5971	6091
5976	6092
5977	6007
5977	6093
5980	6096
5981	6094
5981	6095
5982	6097
5982	6098
5982	6099
5987	6100
5987	6101
5987	6102
5987	6103
5987	6104
5990	6109
5990	6110
5990	6111
5994	6105
5994	6106
5994	6107
6004	6112
6004	6113
6004	6114
6004	6115
6004	6116
6006	6117
6006	6118
6006	6119
6006	6120
6012	6123
6012	6124
6012	6125
6012	6126
6015	6127
6016	6041
6016	6128
6016	6129
6016	6130
6023	6134
6023	6135
6023	6136
6036	6137
6039	6157
6039	6158
6039	6159
6039	6160
6039	6161
6039	6162
6039	6163
6039	6164
6039	6165
6039	6166
6046	6139
6049	6140
6049	6141
6049	6142
6050	6143
6050	6144
6050	6145
6050	6146
6050	6147
6050	6148
6050	6149
6061	6150
6062	6151
6062	6152
6062	6153
6066	6071
6066	6086
6066	6154
6066	6155
6066	6156
6069	6167
6069	6168
6071	6249
6071	6250
6071	6251
6071	6252
6078	6169
6079	6170
6088	6099
6088	6171
6089	6237
6093	6166
6093	6172
6093	6173
6094	6095
6094	6174
6094	6175
6094	6176
6095	6177
6095	6178
6099	6166
6099	6179
6099	6180
6102	6280
6102	6281
6105	6179
6108	6182
6110	6195
6110	6196
6114	6189
6114	6190
6114	6191
6114	6192
6114	6193
6114	6194
6124	6176
6124	6183
6125	6184
6125	6185
6125	6186
6125	6187
6125	6188
6139	6197
6139	6198
6139	6199
6139	6200
6139	6201
6139	6202
6139	6203
6139	6204
6139	6205
6139	6206
6139	6207
6139	6208
6139	6209
6139	6210
6139	6211
6139	6212
6139	6213
6139	6214
6139	6215
6139	6216
6139	6217
6139	6218
6139	6219
6139	6220
6139	6221
6139	6222
6139	6223
6139	6224
6139	6225
6139	6226
6139	6227
6139	6228
6141	6229
6152	6171
6155	6230
6155	6231
6163	6233
6169	6234
6169	6235
6170	6238
6170	6239
6170	6240
6171	6236
6180	6243
6180	6244
6180	6245
6193	6246
6194	6289
6196	6247
6196	6248
6229	6253
6229	6254
6239	6258
6239	6259
6239	6260
6239	6261
6241	6255
6241	6256
6241	6257
6249	6268
6249	6269
6249	6270
6251	6262
6251	6263
6252	6264
6252	6265
6252	6266
6252	6267
6258	6271
6258	6272
6258	6273
6266	6274
6266	6275
6269	6282
6269	6283
6273	6276
6273	6277
6273	6278
6277	6290
6279	6284
6279	6285
6279	6286
6279	6287
6279	6288
6282	6291
6288	6296
6293	6300
6296	6297
6296	6298
6296	6299
